Gene1	Gene2	EdgeWeight
G31	G8	6.94801896342585
G49	G8	6.93707640105914
G25	G8	6.926458967553151
G66	G8	6.9102621075321995
G26	G8	6.90029650507825
G14	G8	6.89340834708001
G17	G8	6.88384419263438
G83	G8	6.881016914420531
G80	G8	6.878091349925599
G92	G8	6.87053583361675
G33	G8	6.85893571445621
G45	G8	6.835239584151349
G19	G8	6.82429536427533
G75	G8	6.7913145602081295
G97	G8	6.781024550779179
G40	G8	6.7783705539278305
G34	G8	6.729639362638849
G89	G8	6.70429665706524
G86	G8	6.6526179435954
G21	G8	6.607721529913889
G76	G8	6.600424589158489
G7	G8	6.58419724560108
G69	G8	6.56516304451175
G24	G8	6.53852224959984
G61	G8	6.490830732374951
G56	G8	6.454485427796251
G48	G8	6.4314889431591
G28	G8	6.4228377998352
G37	G8	6.40586082382605
G72	G8	6.38415182981118
G46	G8	6.38034538697208
G81	G8	6.35511930598623
G87	G8	6.32112297042697
G100	G8	6.2803019053790905
G54	G8	6.20758016733523
G99	G8	6.1989586303061
G70	G8	6.18229511375782
G59	G8	6.156147139292541
G74	G8	6.14868272793857
G36	G8	6.13376411848328
G6	G8	6.052799402928881
G13	G8	5.98543469417444
G51	G8	5.95521589849927
G50	G8	5.75817087282346
G64	G8	5.6705568631375805
G82	G8	5.61907121147704
G44	G8	5.5540914051467505
G47	G8	5.45660453539192
G3	G8	5.45637108852182
G63	G8	5.3943595542955896
G67	G8	5.3819752366126705
G58	G8	5.33545650758894
G29	G8	5.28904387668456
G53	G8	5.2792119855295
G4	G8	5.23724105083201
G39	G8	5.02329522124871
G38	G8	4.68050826261891
G62	G8	4.43800450544371
G73	G8	4.42394520447291
G8	G8	4.25662433942653
G9	G8	4.02860186159291
G2	G8	3.80545785375935
G96	G8	3.7012610058316
G31	G16	3.6581113149432998
G25	G16	3.6483717137656497
G49	G16	3.6458473916835694
G66	G16	3.63659477519947
G14	G16	3.6334219442842697
G26	G16	3.6304417386961
G17	G16	3.624943366336
G92	G16	3.6179415767045198
G80	G16	3.61743201280186
G83	G16	3.61229808727037
G33	G16	3.6080640236311203
G45	G16	3.6019372482930803
G19	G16	3.5877527756729
G75	G16	3.57944520738666
G97	G16	3.57268587280687
G40	G16	3.5721080990532297
G34	G16	3.5452973961057204
G89	G16	3.53137266358482
G31	G20	3.51402929384248
G86	G16	3.51368291567804
G25	G20	3.50464717126999
G49	G20	3.50240958507274
G66	G20	3.49340174944641
G14	G20	3.4902236854791004
G26	G20	3.4875152337153197
G21	G16	3.4848401806993596
G7	G16	3.48371152037775
G17	G20	3.4821577368632597
G92	G20	3.4754344621630002
G80	G20	3.4750572275486498
G83	G20	3.4702808218583594
G76	G16	3.4702113334393703
G33	G20	3.4660388077597704
G69	G16	3.46415291341326
G24	G16	3.4602161908137297
G45	G20	3.46000076302242
G19	G20	3.4465775810247896
G75	G20	3.43838116696644
G31	G5	3.4352618191547597
G25	G5	3.43348383818183
G97	G20	3.43192381848594
G40	G20	3.43134803258609
G14	G5	3.4303910783881
G61	G16	3.4212394133398902
G56	G16	3.4106268390604
G66	G5	3.4077477431824303
G17	G5	3.4069424570580202
G34	G20	3.40562003003482
G92	G5	3.40044099957493
G26	G5	3.39788780954855
G45	G5	3.39704337625752
G49	G5	3.39450540342072
G89	G20	3.3922591819295698
G28	G16	3.39197923141631
G37	G16	3.38435321633398
G80	G5	3.37986588063483
G75	G5	3.3788370897186697
G86	G20	3.3750260420356697
G33	G5	3.37421237085634
G72	G16	3.37030165637746
G40	G5	3.3695814738176297
G48	G16	3.3688764605780603
G97	G5	3.3664145310348905
G46	G16	3.3595098121080698
G86	G5	3.3496260644369604
G7	G5	3.3490331846070402
G21	G20	3.3474558997589
G7	G20	3.34610763284288
G19	G5	3.34584629134799
G83	G5	3.34489163108964
G81	G16	3.33934499499361
G34	G5	3.3391860596183505
G76	G20	3.33367250114691
G87	G16	3.3317835850940196
G24	G5	3.3293346955591
G69	G20	3.32754625532382
G89	G5	3.3235669213610204
G24	G20	3.32351836621162
G100	G16	3.3184798080294704
G21	G5	3.29937007994576
G69	G5	3.2877276591126203
G61	G20	3.28642590715972
G56	G20	3.2759981226429
G99	G16	3.27523670313519
G54	G16	3.2744277734605003
G55	G8	3.2676526232259797
G56	G5	3.2585680284568594
G28	G20	3.2581480427334304
G59	G16	3.2580234905428904
G70	G16	3.25625795440858
G37	G20	3.25078810171316
G36	G16	3.2388348504950697
G72	G20	3.2373567886897403
G76	G5	3.23718008306831
G48	G20	3.2366352964651095
G28	G5	3.23236073001278
G37	G5	3.23108529361921
G61	G5	3.23062129839894
G46	G20	3.22718371639085
G74	G16	3.21797621713707
G81	G20	3.2080150818442004
G72	G5	3.20616060751296
G87	G20	3.20049606042313
G100	G20	3.1875092207751803
G100	G5	3.1704172559672896
G6	G16	3.1671718256146
G13	G16	3.1568017368964796
G46	G5	3.15624269746741
G87	G5	3.1462242396692903
G99	G20	3.14598605363634
G54	G20	3.14533757931199
G59	G5	3.1358351616761406
G59	G20	3.1293204397966097
G99	G5	3.1280774370684803
G70	G20	3.1279855615264
G36	G20	3.11104875461908
G81	G5	3.10687866426939
G54	G5	3.10316896903611
G74	G20	3.0917380689909
G51	G16	3.0865166877892403
G48	G5	3.08648494421444
G36	G5	3.08404057318422
G70	G5	3.06407786488887
G6	G20	3.0429465076417297
G13	G20	3.0323601561137403
G50	G16	3.0198782741996903
G13	G5	2.98979814440252
G51	G20	2.96618666694727
G64	G16	2.9553799286057902
G44	G16	2.9371585064152903
G74	G5	2.93601887425794
G82	G16	2.9180594403138196
G50	G20	2.9012781422587697
G3	G16	2.89317350090814
G6	G5	2.8869634115815894
G63	G16	2.8612142341973197
G47	G16	2.8480143353781404
G49	G29	2.8443503996644997
G31	G29	2.84192209897435
G64	G20	2.83977605476717
G67	G16	2.8376002721975397
G25	G29	2.8314261492677004
G66	G29	2.8282219042174397
G83	G29	2.8256971055765803
G26	G29	2.8251122913487596
G29	G16	2.82196527312598
G44	G20	2.8211797934662997
G29	G5	2.81872208339753
G80	G29	2.81744184733612
G44	G5	2.8169300237889905
G14	G29	2.81530324482243
G17	G29	2.81503418032543
G3	G5	2.8099899807865203
G92	G29	2.80959007897358
G33	G29	2.80884269210615
G82	G20	2.8041498215427594
G19	G29	2.7968742934454704
G53	G16	2.79623917277974
G45	G29	2.79242019850384
G50	G5	2.78405812720575
G63	G5	2.7829143328751202
G58	G16	2.78151264215599
G3	G20	2.7787851004510804
G75	G29	2.77379019506047
G97	G29	2.77100642327514
G40	G29	2.7690517694921897
G34	G29	2.75033707207874
G63	G20	2.7480609443620096
G4	G16	2.7419850811439503
G89	G29	2.74059702164058
G47	G20	2.7365170394151197
G67	G20	2.72575349456526
G29	G20	2.70994981915675
G86	G29	2.7093470936135398
G76	G29	2.70498489239547
G53	G5	2.7018159235307504
G21	G29	2.6965238240802596
G53	G20	2.6857254235270096
G67	G5	2.6830684774824904
G51	G5	2.67984266921176
G69	G29	2.6773037232465
G7	G29	2.6749813434322003
G58	G20	2.67270984432885
G31	G3	2.66665631323092
G25	G3	2.6594985697783
G49	G3	2.6578758865012997
G24	G29	2.6557035909445297
G66	G3	2.65102621590432
G61	G29	2.6509216228171
G48	G29	2.64904019856198
G14	G3	2.64851759120388
G26	G3	2.6465521790525095
G39	G16	2.64323756205021
G17	G3	2.64244746085669
G64	G5	2.6411430231742
G92	G3	2.63735148009945
G80	G3	2.63712139629894
G4	G20	2.6344346824499305
G83	G3	2.63353856231139
G33	G3	2.6302499491982902
G56	G29	2.62696967376666
G45	G3	2.6256194252377596
G28	G29	2.61615777745085
G19	G3	2.6155098921414
G46	G29	2.60943675559967
G75	G3	2.6092170775878
G37	G29	2.6078140227851
G81	G29	2.60650072816048
G97	G3	2.6043002277519904
G40	G3	2.60386830610666
G72	G29	2.60172734365549
G34	G3	2.58435266759127
G87	G29	2.58161854812746
G89	G3	2.5742343070670297
G47	G5	2.56420319427108
G86	G3	2.5610707635794703
G82	G5	2.55963644348623
G100	G29	2.55622973597233
G21	G3	2.5402303352542
G39	G20	2.5392054811844997
G7	G3	2.53910663444969
G74	G29	2.53551639253
G54	G29	2.53260203799097
G76	G3	2.5298525934470897
G70	G29	2.5273782259531297
G69	G3	2.52510215535621
G99	G29	2.52340973842904
G24	G3	2.52194272459082
G31	G2	2.51232906375727
G49	G2	2.5095127884962998
G4	G5	2.5073054241328503
G25	G2	2.50434252223656
G59	G29	2.50025268127685
G66	G2	2.49897653885657
G36	G29	2.49890180202706
G6	G29	2.49664645890738
G26	G2	2.49554199820815
G61	G3	2.49394771384631
G14	G2	2.49194842252123
G83	G2	2.489941639673
G58	G5	2.4896968473376
G17	G2	2.4890582578241296
G51	G29	2.4877910681669797
G80	G2	2.48778823601667
G56	G3	2.48593292785309
G92	G2	2.4842635399683197
G33	G2	2.48072183294242
G39	G5	2.47631542975041
G28	G3	2.4724190659638796
G8	G5	2.4721675264966403
G45	G2	2.47107039664091
G38	G16	2.4699605808374505
G19	G2	2.46855717991966
G37	G3	2.46683225549737
G72	G3	2.45666338126951
G48	G3	2.4563582805278
G75	G2	2.45510021459588
G97	G2	2.45161974447937
G40	G2	2.45051815547825
G46	G3	2.44902684776523
G31	G10	2.44499158182144
G13	G29	2.44244826932354
G25	G10	2.44019874404846
G81	G3	2.43455156830904
G34	G2	2.4330828156414
G14	G10	2.43282817650365
G49	G10	2.42976972422374
G66	G10	2.42885889337002
G87	G3	2.42877071521167
G89	G2	2.42403968776454
G26	G10	2.4237541237237097
G17	G10	2.42347437719966
G100	G3	2.41882942176326
G92	G10	2.41880904479469
G80	G10	2.4136569043173797
G45	G10	2.41089447791272
G33	G10	2.40814142015697
G86	G2	2.40365423776379
G83	G10	2.40301164518995
G85	G8	2.3979034280047897
G31	G71	2.39723531551876
G75	G10	2.3965578970424
G19	G10	2.39234508421927
G25	G71	2.39150080158669
G40	G10	2.39107353433729
G97	G10	2.3905627798381603
G73	G5	2.3899125349186803
G21	G2	2.3883915031185095
G76	G2	2.3876458985265603
G99	G3	2.38734516286794
G54	G3	2.38686965353731
G49	G71	2.38665679254559
G14	G71	2.3826551906476
G66	G71	2.38249938856599
G31	G63	2.38124591913775
G26	G71	2.37811361424428
G7	G2	2.37800221623413
G17	G71	2.37574805060646
G49	G63	2.3754891282957202
G59	G3	2.37464230769042
G25	G63	2.3743204900052204
G70	G3	2.37375235080887
G69	G2	2.37273766488592
G38	G20	2.37251227839282
G34	G10	2.3719076504570498
G92	G71	2.3711673464272596
G80	G71	2.36908639418287
G50	G29	2.36786746236651
G66	G63	2.3678092171262004
G73	G16	2.36663813110005
G26	G63	2.36410338936365
G14	G63	2.36373399847487
G33	G71	2.36322057615767
G83	G71	2.3630963710978903
G89	G10	2.36199422084536
G45	G71	2.3616932656996
G24	G2	2.36135259382733
G36	G3	2.36075935682164
G86	G10	2.36041428691696
G17	G63	2.3594214454028597
G80	G63	2.35609389269411
G31	G1	2.35585699718145
G83	G63	2.35504961665139
G92	G63	2.35486491690026
G64	G29	2.35152435918367
G25	G1	2.3500697044762098
G33	G63	2.34973319187441
G19	G71	2.3491009010011203
G75	G71	2.34720750173553
G7	G10	2.34695403030852
G61	G2	2.3465775290206
G74	G3	2.34645500170747
G49	G1	2.34608588176165
G38	G5	2.3444557377952595
G45	G63	2.34355816916606
G97	G71	2.3422525449506097
G40	G71	2.34219555304196
G66	G1	2.34153241639401
G82	G29	2.34124097432518
G14	G1	2.34114199087996
G26	G1	2.3373101671067897
G19	G63	2.33723392984527
G21	G10	2.33558025980238
G17	G1	2.33468283183707
G62	G16	2.33465635863484
G24	G10	2.3318213259164398
G56	G2	2.33179811846241
G92	G1	2.33018076694058
G48	G2	2.3287443429161097
G75	G63	2.32870175129523
G80	G1	2.3285655824148597
G97	G63	2.32474283968931
G34	G71	2.32417169163435
G40	G63	2.32409300230666
G69	G10	2.32360356374755
G83	G1	2.3233186038978504
G33	G1	2.32273290192808
G28	G2	2.32079292072263
G45	G1	2.3206230239120598
G89	G71	2.31482473139384
G37	G2	2.3144098624579104
G76	G10	2.31417310135829
G6	G3	2.30945091121998
G19	G1	2.30905537599547
G8	G16	2.30832030552552
G72	G2	2.30704122442964
G34	G63	2.3070396901232297
G46	G2	2.3070351720054503
G86	G71	2.30694043163752
G75	G1	2.30632650974621
G97	G1	2.3015871440157203
G40	G1	2.30145200320657
G13	G3	2.3011746282399304
G81	G2	2.2993456811678703
G89	G63	2.29818458584235
G56	G10	2.29291700672543
G61	G10	2.290879325992
G7	G71	2.2897054886898704
G21	G71	2.28602683322644
G87	G2	2.2852380850667204
G34	G1	2.28384968266556
G86	G63	2.2833884439362
G28	G10	2.27834218189918
G89	G1	2.2747195940847598
G37	G10	2.2746683214459904
G24	G71	2.2745117233545096
G69	G71	2.2731496850907997
G73	G20	2.27247240393259
G76	G71	2.27222983675573
G100	G2	2.26902106848733
G21	G63	2.26642927349381
G86	G1	2.26605766171812
G72	G10	2.26245637894764
G7	G63	2.2618024792699702
G76	G63	2.2606179749705095
G47	G29	2.25842799411503
G44	G29	2.2580942361767598
G69	G63	2.2523621483453398
G51	G3	2.25151786603473
G7	G1	2.2485408022699302
G24	G63	2.24630802662913
G21	G1	2.2460039046175897
G46	G10	2.24577091872815
G54	G2	2.2437438058282404
G61	G71	2.2435711312714304
G62	G20	2.2427806966658
G56	G71	2.2399021835024304
G99	G2	2.23972322519766
G70	G2	2.2353364966970397
G24	G1	2.23355639438422
G76	G1	2.23348051615301
G69	G1	2.23318494189169
G48	G10	2.2331433231744398
G87	G10	2.23101281456167
G100	G10	2.23091872280174
G28	G71	2.22693273737122
G74	G2	2.22691453320134
G61	G63	2.2257390849383
G81	G10	2.22491742679287
G59	G2	2.22332316724359
G37	G71	2.22244605380271
G36	G2	2.21635451175567
G56	G63	2.21588534255716
G8	G20	2.21586624588263
G72	G71	2.2122181904066203
G58	G29	2.21178092151907
G3	G29	2.2102882866116
G61	G1	2.2044795744742003
G28	G63	2.20443324371264
G50	G3	2.2018873761634103
G46	G71	2.2016758483261203
G99	G10	2.20159869880309
G48	G71	2.20099235551552
G56	G1	2.2000548213024302
G37	G63	2.1990265657898997
G48	G63	2.1989512251969496
G67	G29	2.19715790660517
G59	G10	2.19582014072527
G54	G10	2.19526028214473
G6	G2	2.19232841053468
G72	G63	2.1907803877099
G28	G1	2.18750071370556
G46	G63	2.1868118472241296
G81	G71	2.18582985849402
G87	G71	2.1849136001405003
G62	G5	2.18438249468665
G63	G29	2.18417974287795
G37	G1	2.1829648148079
G100	G71	2.1793828074173
G70	G10	2.17788297737897
G81	G63	2.17604003054057
G36	G10	2.1749081652906
G72	G1	2.17316548406097
G87	G63	2.1675672362898
G48	G1	2.1646601422643403
G46	G1	2.16364461692043
G13	G2	2.1635413340628302
G51	G2	2.1621461368131203
G4	G29	2.15866612686086
G100	G63	2.15607300620381
G64	G3	2.1554253265378898
G99	G71	2.15089696931447
G81	G1	2.14873642533792
G54	G71	2.1482666266509
G87	G1	2.14684334152414
G59	G71	2.14169740143493
G53	G29	2.14163691944433
G44	G3	2.14083841507518
G100	G1	2.1406227403556897
G70	G71	2.1344346620133896
G74	G10	2.13017815628721
G54	G63	2.12937938134196
G82	G3	2.1284004081488
G99	G63	2.12808093256643
G36	G71	2.12617894686355
G29	G29	2.12388389549062
G70	G63	2.11924529697081
G13	G10	2.11596308498923
G59	G63	2.11502939961425
G99	G1	2.1126682517437803
G54	G1	2.11059712759358
G3	G3	2.10870899660077
G9	G16	2.10758411099428
G36	G63	2.10504877562655
G59	G1	2.10311713420547
G74	G63	2.1014318525468703
G74	G71	2.10134572840863
G70	G1	2.0974674041646697
G6	G10	2.09590012679961
G36	G1	2.08857729525324
G63	G3	2.08535946305439
G50	G2	2.0845430902413704
G47	G3	2.07704368405666
G5	G8	2.07637245107315
G13	G71	2.07092877073134
G6	G63	2.0684837215323704
G67	G3	2.06846973241644
G6	G71	2.06793695648377
G74	G1	2.06692562839205
G39	G29	2.0563540054149803
G29	G3	2.0563175283299
G64	G2	2.05609351692602
G13	G63	2.0530650548786102
G82	G2	2.03905676173133
G53	G3	2.03802841192969
G13	G1	2.0346568332768302
G6	G1	2.03412407051059
G2	G16	2.02975913258769
G58	G3	2.02865731545995
G51	G63	2.0261272171651297
G9	G20	2.02491449635754
G2	G5	2.02477771247122
G10	G8	2.0199421171918
G31	G11	2.01856454291416
G25	G11	2.0133614271475904
G49	G11	2.0112533409405904
G51	G10	2.01053478834232
G66	G11	2.00655743395875
G44	G2	2.00623690880548
G50	G10	2.00590728610298
G14	G11	2.00531424427838
G51	G71	2.00365295305006
G26	G11	2.00309127110045
G17	G11	2.00033096926685
G4	G3	1.99953690511354
G92	G11	1.9964740143605102
G80	G11	1.99581694769847
G83	G11	1.99239857399145
G33	G11	1.9907048722423797
G45	G11	1.9878675910518402
G19	G11	1.9793205523456099
G47	G2	1.97786781525123
G44	G10	1.97716926719865
G75	G11	1.9755167244192902
G50	G71	1.9744997402647
G51	G1	1.9737553216901897
G97	G11	1.97167976623582
G40	G11	1.9714288323742801
G50	G63	1.96989891994753
G3	G2	1.96989326743972
G34	G11	1.9565320181282901
G3	G10	1.9559657210664299
G2	G20	1.94920901619947
G89	G11	1.9488037626375703
G63	G2	1.9473024171725801
G67	G2	1.9454894944886898
G64	G10	1.9430761451069498
G96	G16	1.94221510492901
G50	G1	1.9415504646716597
G86	G11	1.9398307979206202
G63	G10	1.93530952438025
G58	G2	1.93459961350899
G64	G63	1.9342856648672602
G44	G71	1.92989447954419
G39	G3	1.92704482310153
G29	G10	1.92653821563526
G64	G71	1.92507196051631
G7	G11	1.9238522733603898
G21	G11	1.92349592912361
G9	G5	1.9185497082288798
G76	G11	1.9145210752719701
G82	G63	1.9134766874921498
G69	G11	1.9122386995844298
G24	G11	1.91092159972998
G38	G29	1.9083670477776
G44	G63	1.9075088482112301
G82	G10	1.90701991452849
G29	G2	1.90632314747001
G53	G2	1.9062293249442601
G3	G71	1.9040758466936
G67	G10	1.9009555909524
G4	G2	1.89692862396777
G82	G71	1.89656468061503
G44	G1	1.89534152692474
G64	G1	1.89473623108813
G61	G11	1.8882611787156
G16	G8	1.8880107765151297
G53	G10	1.8871003817078102
G63	G71	1.88338524851526
G56	G11	1.88306996336307
G47	G10	1.87703495560595
G3	G63	1.87635398140126
G28	G11	1.87264557645479
G3	G1	1.8692531075506398
G37	G11	1.8685417266696298
G82	G1	1.8677004929907701
G96	G20	1.8658849954991101
G29	G71	1.86397980119245
G47	G63	1.86258668347359
G67	G71	1.86113803973016
G72	G11	1.8605749063708201
G48	G11	1.85756352241417
G47	G71	1.8567931216683602
G63	G63	1.85529534687747
G46	G11	1.8538199924420198
G63	G1	1.8488538892739201
G67	G63	1.8457684742916398
G81	G11	1.8421955028413701
G53	G71	1.83904896941502
G87	G11	1.83888916892707
G100	G11	1.8322283539685202
G58	G10	1.82967931843346
G67	G1	1.82862950196819
G29	G1	1.82822699993139
G47	G1	1.82712951614574
G31	G60	1.82604184721479
G25	G60	1.8242104824048897
G29	G63	1.8241858497553798
G14	G60	1.8212228777397002
G58	G63	1.8202348110255802
G62	G29	1.8173877175719
G39	G2	1.8169321644740701
G4	G10	1.81641297386134
G53	G63	1.81447236046641
G66	G60	1.8123133507504
G58	G71	1.8121679209695603
G17	G60	1.81064912815726
G14	G4	1.80951396945399
G25	G4	1.80868007109644
G99	G11	1.8083451921234
G49	G60	1.80796621287799
G31	G4	1.8079278913587498
G26	G60	1.80757620122776
G54	G11	1.80744071066636
G92	G60	1.80718684866577
G53	G1	1.8056994198889598
G45	G60	1.8039583299754598
G38	G3	1.8002567854008
G59	G11	1.7992996559797498
G80	G60	1.79871502730008
G70	G11	1.7969628714065302
G33	G60	1.79532425018142
G96	G5	1.7948682889235703
G75	G60	1.7939247030960601
G17	G4	1.79366685629556
G66	G4	1.79180476550421
G45	G4	1.79113447667887
G4	G71	1.79102149390203
G4	G63	1.79033212417211
G92	G4	1.7902755122903702
G40	G60	1.7892987100341897
G97	G60	1.7880719474662599
G36	G11	1.7880357714361497
G26	G4	1.7856823342943702
G83	G60	1.78381334445666
G58	G1	1.78353604638773
G75	G4	1.78223062994744
G19	G60	1.78138355228039
G7	G4	1.78024013241652
G49	G4	1.77983745866774
G40	G4	1.7768135632093103
G31	G9	1.77526696657642
G80	G4	1.7749120425996299
G86	G60	1.77440182400969
G97	G4	1.7742957053079298
G86	G4	1.77421597792677
G74	G11	1.7741522431148702
G34	G60	1.77377992248858
G33	G4	1.77262456698729
G7	G60	1.77072889537118
G25	G9	1.77050976067394
G49	G9	1.77041202985465
G24	G4	1.77037788279722
G73	G29	1.76971779926068
G89	G60	1.76578916256944
G39	G10	1.76522985606141
G66	G9	1.76511339154479
G14	G9	1.76283584047026
G26	G9	1.76231696041458
G4	G1	1.76158387085118
G24	G60	1.7599629511680501
G34	G4	1.75962668240302
G17	G9	1.75918453059526
G80	G9	1.7563075527943701
G92	G9	1.7558200512405802
G19	G4	1.75559781489594
G83	G9	1.75476862531679
G33	G9	1.75163556526754
G89	G4	1.7508504284259299
G21	G60	1.7505356614966001
G83	G4	1.74962898813496
G45	G9	1.74767471104756
G6	G11	1.74609941672191
G69	G60	1.74339855691216
G21	G4	1.7425746330846599
G13	G11	1.7424762036463601
G19	G9	1.7421028801493201
G69	G4	1.73822247493707
G55	G16	1.7380262572389298
G75	G9	1.73669721250606
G97	G9	1.73368306684832
G40	G9	1.7332570030414298
G39	G71	1.7316690661273102
G56	G4	1.7276108298305601
G56	G60	1.7252959355098798
G73	G3	1.72403087957953
G76	G60	1.7234252567786201
G39	G63	1.7212023249443
G34	G9	1.7204001615563997
G31	G12	1.71844112154618
G61	G60	1.7151139536006499
G49	G12	1.71404859163317
G89	G9	1.7137618911819699
G25	G12	1.7135460586498301
G37	G4	1.7125654934597
G28	G60	1.71244627960638
G55	G5	1.71193268084286
G28	G4	1.71190038996791
G37	G60	1.7110433660545001
G66	G12	1.70867649933285
G14	G12	1.7060097850408402
G26	G12	1.70598083900798
G61	G4	1.7044004506154702
G86	G9	1.7035416027041599
G17	G12	1.7027390065764698
G62	G3	1.7020611689456697
G39	G1	1.70192385250426
G31	G43	1.7006841712796998
G80	G12	1.70015038857376
G92	G12	1.69945037427969
G72	G60	1.69923535326277
G83	G12	1.69913238700243
G51	G11	1.6991178757767
G76	G4	1.69885987946527
G72	G4	1.6967994763158798
G25	G43	1.69671035587559
G33	G12	1.6956016604173798
G49	G43	1.69300489905708
G45	G12	1.69139436890468
G38	G2	1.6912518530910803
G14	G43	1.69049809259627
G21	G9	1.69049372420898
G66	G43	1.69019082605414
G7	G9	1.6882961289929899
G26	G43	1.68706218588166
G19	G12	1.6864921353860802
G17	G43	1.68548336542693
G76	G9	1.6851940090573898
G31	G38	1.68290478335115
G92	G43	1.6822415006908202
G25	G38	1.6816266229660999
G8	G3	1.6812984258153
G100	G4	1.6809445336341
G75	G12	1.6806959912033501
G80	G43	1.6806412597588403
G69	G9	1.68025798985245
G14	G38	1.6795430963734699
G100	G60	1.67865331240291
G97	G12	1.67781003771312
G46	G60	1.67755389023198
G40	G12	1.6773639014899497
G24	G9	1.67673818842775
G33	G43	1.67649622807421
G83	G43	1.67617341094035
G45	G43	1.6756001253769899
G87	G60	1.6702972098595301
G8	G29	1.6699984034909499
G66	G38	1.66980422208122
G55	G20	1.6691698242046202
G17	G38	1.66887664377033
G59	G4	1.6678070368247
G19	G43	1.6664202384093
G92	G38	1.66567883068375
G50	G11	1.6655223883753
G75	G43	1.6653524183180801
G26	G38	1.66519458622882
G34	G12	1.66500974731866
G49	G38	1.6644973177481202
G45	G38	1.6633903990698702
G9	G29	1.66211221004337
G97	G43	1.66180628141839
G40	G43	1.6617877218993202
G46	G4	1.66144941415587
G61	G9	1.6601619082752601
G87	G4	1.6599242910180403
G89	G12	1.6585888349048599
G99	G4	1.6583073643572899
G59	G60	1.65755647326397
G38	G10	1.65685126422178
G80	G38	1.6566535478726798
G99	G60	1.6563648127261001
G81	G60	1.65508116919023
G75	G38	1.6543043860997
G33	G38	1.6537326395159098
G56	G9	1.6533122716580702
G48	G60	1.65013085483949
G40	G38	1.64990153423528
G34	G43	1.64896039026133
G97	G38	1.64855340576835
G86	G12	1.6482775068347202
G54	G60	1.6460852174404
G28	G9	1.64477789605346
G89	G43	1.64232163762364
G83	G38	1.64114934746242
G37	G9	1.6408167950388401
G19	G38	1.6403241278237
G54	G4	1.6396876626300503
G86	G38	1.6382796226036103
G48	G9	1.6380459555703997
G43	G8	1.63766714451234
G86	G43	1.63697499345658
G7	G38	1.63646555901401
G21	G12	1.63582120034491
G34	G38	1.6352937835240702
G72	G9	1.63447746097512
G36	G60	1.6341501118165902
G7	G12	1.6329435636423897
G36	G4	1.6327531906813402
G76	G12	1.6312169413889
G46	G9	1.63029852625503
G81	G4	1.62868242023567
G64	G11	1.6283887898356102
G70	G60	1.6279871658612999
G89	G38	1.6277629301048502
G24	G38	1.6267103698723602
G69	G12	1.6257485165225902
G7	G43	1.6249810179297701
G81	G9	1.62214360275803
G21	G43	1.62201870863302
G73	G10	1.6219498374614798
G44	G11	1.6218934429374998
G24	G12	1.62178821470837
G38	G71	1.6207785833124297
G87	G9	1.61674541398047
G8	G10	1.61571717790375
G21	G38	1.61484998314988
G24	G43	1.61420231797015
G70	G4	1.61408067054745
G69	G43	1.61294932105353
G76	G43	1.6119354247195898
G100	G9	1.60890670701981
G69	G38	1.6087249887059099
G48	G4	1.60700452367945
G82	G11	1.6068692383607
G61	G12	1.60638779817483
G38	G63	1.60580168081456
G62	G2	1.60530434154549
G31	G77	1.6040778526610402
G25	G77	1.6001748307882
G56	G12	1.59959743862865
G3	G11	1.5983480767198899
G31	G27	1.59779547341259
G49	G77	1.5972584478801497
G66	G77	1.59428120396866
G14	G77	1.5941601934112701
G25	G27	1.59395976177085
G56	G38	1.5933546634578801
G73	G2	1.59289895436551
G38	G1	1.59225816210953
G61	G43	1.59188405874321
G26	G77	1.59138306897962
G28	G12	1.5912649126577199
G49	G27	1.59087651462711
G17	G77	1.5896746869297
G56	G43	1.58945068163259
G54	G9	1.58850649422354
G99	G9	1.58805925781218
G14	G27	1.58801394784614
G66	G27	1.5880078947207201
G37	G12	1.5874033004568202
G76	G38	1.5869565622213102
G92	G77	1.58660829852302
G48	G12	1.58620688556496
G13	G60	1.5861751960605002
G31	G91	1.5854407366374799
G80	G77	1.5853924786200202
G26	G27	1.58510599698716
G17	G27	1.5834707213837502
G83	G77	1.5816530588414
G25	G91	1.58162349875116
G61	G38	1.5816137257268301
G33	G77	1.58144101945658
G72	G12	1.58135460692838
G28	G38	1.5809410396761499
G63	G11	1.58075614730908
G92	G27	1.58042024944839
G28	G43	1.5802364098828603
G70	G9	1.58021808348301
G45	G77	1.5801657384246002
G37	G38	1.58000392490291
G13	G4	1.5793929103624198
G80	G27	1.579122371657
G59	G9	1.57886861449382
G49	G91	1.57876180230678
G46	G12	1.57810372586691
G37	G43	1.57707994561542
G66	G91	1.57577766001609
G14	G91	1.57565226848201
G83	G27	1.5752515520897998
G33	G27	1.57519793469303
G45	G27	1.5740577090263501
G26	G91	1.57292945365452
G19	G77	1.5720745060303998
G74	G60	1.57123178850106
G17	G91	1.57122594716786
G36	G9	1.57048295854777
G75	G77	1.57044589475548
G81	G12	1.57010506177413
G72	G43	1.5697641694734699
G47	G11	1.5696075371929499
G72	G38	1.5684076002481397
G92	G91	1.56820404037795
G97	G77	1.56718548538148
G40	G77	1.5671138800278201
G80	G91	1.5670421603112
G67	G11	1.5661806633523798
G19	G27	1.56582690789224
G73	G71	1.56545938466368
G74	G9	1.56528008763019
G75	G27	1.5643933441837998
G87	G12	1.56438098907049
G83	G91	1.5633674507235402
G33	G91	1.5631264672884801
G46	G43	1.56195619555544
G45	G91	1.5618251116761899
G97	G27	1.56112127621806
G40	G27	1.5610660546836599
G48	G43	1.56105837172474
G29	G11	1.56043612518233
G62	G10	1.55846473602382
G100	G12	1.55641196494149
G34	G77	1.5551000770701102
G19	G91	1.55388376766456
G75	G91	1.5522238273162499
G81	G43	1.55063774740304
G87	G43	1.5502658716999098
G100	G38	1.55019343409176
G34	G27	1.5490731157556499
G97	G91	1.5490212199701399
G40	G91	1.5489418803826498
G89	G77	1.54886674561331
G100	G43	1.54656086377709
G46	G38	1.54611131698577
G6	G60	1.54532368263942
G53	G11	1.5444714351966
G86	G77	1.5432150261524298
G89	G27	1.54285656594471
G6	G9	1.5407194723683602
G87	G38	1.5402711197466799
G8	G71	1.53921327779988
G86	G27	1.5374062158203403
G34	G91	1.53706892727797
G54	G12	1.5369314068561
G9	G3	1.5366246902717
G99	G12	1.53618720992384
G73	G1	1.53484807067276
G31	G83	1.53318375479005
G58	G11	1.5327041623384499
G59	G38	1.5320520883551298
G13	G9	1.5315078451787
G7	G77	1.53143467839258
G89	G91	1.5309203286869197
G99	G38	1.52951881820396
G21	G77	1.52942257271566
G70	G12	1.5293957816438999
G62	G71	1.52926038881006
G25	G83	1.5289610155326498
G2	G29	1.52882287917449
G49	G83	1.5285786021504
G8	G2	1.5282838763135702
G73	G63	1.52757130043828
G59	G12	1.5269867787088303
G99	G43	1.5263567291312599
G74	G4	1.52589685945887
G7	G27	1.52582142888639
G86	G91	1.5252342748546899
G54	G43	1.5243311552033703
G66	G83	1.52428135637335
G21	G27	1.52357815348532
G81	G38	1.5234631951875501
G14	G83	1.52251921750745
G29	G4	1.52198268592061
G26	G83	1.52178491249349
G24	G77	1.52124857948183
G96	G29	1.5208155413268403
G69	G77	1.52073671995042
G76	G77	1.52061919937384
G62	G63	1.52045426424093
G59	G43	1.51998601741735
G36	G12	1.5195199436519298
G17	G83	1.51923184390903
G54	G38	1.5186218719404099
G80	G83	1.5164093732528898
G92	G83	1.5162842280728897
G48	G38	1.51605255954698
G74	G12	1.5157432032867801
G24	G27	1.5156784605722902
G69	G27	1.51496784799472
G83	G83	1.5148332829541102
G76	G27	1.5145992216348898
G70	G43	1.5143269248839097
G7	G91	1.5136127809103601
G33	G83	1.5124520158695
G4	G11	1.5119049113354799
G21	G91	1.51167347420703
G45	G83	1.5093621612038202
G36	G43	1.50869927738473
G36	G38	1.5085641587276202
G51	G9	1.5062691601888099
G8	G1	1.5061970524258501
G19	G83	1.50409426840734
G84	G8	1.5038768483381497
G24	G91	1.50352290847414
G69	G91	1.50309408027958
G76	G91	1.50307102837592
G62	G1	1.50305054009775
G30	G8	1.5019721201544198
G61	G77	1.5010913486467998
G70	G38	1.5006706652767399
G3	G4	1.50031053554154
G75	G83	1.49986546042189
G6	G4	1.49980260230625
G56	G77	1.49830551587766
G97	G83	1.4971656734904
G40	G83	1.4968454733362702
G44	G4	1.4959560617171201
G61	G27	1.49533699681012
G56	G27	1.49269829370033
G6	G12	1.49194491139013
G74	G43	1.49034471121068
G44	G60	1.49018644218642
G28	G77	1.48970156690732
G63	G4	1.4866815615281102
G37	G77	1.48664730247401
G50	G60	1.4862978439057202
G34	G83	1.48570913422928
G28	G27	1.4841083373703403
G61	G91	1.4837375694444999
G3	G60	1.4823202947707799
G13	G12	1.48180809905123
G37	G27	1.4810882534994299
G56	G91	1.48083544056691
G72	G77	1.47990632605927
G89	G83	1.4798956401648602
G8	G63	1.47959468765021
G2	G3	1.4791176128162
G29	G60	1.47767304666186
G72	G27	1.4743272836049301
G48	G77	1.47343977636468
G46	G77	1.47320679878481
G28	G91	1.47239573473203
G86	G83	1.4717396525928501
G31	G55	1.47107674078312
G49	G55	1.47097428067952
G13	G43	1.46944516496449
G37	G91	1.46935575105479
G50	G9	1.4682075110942399
G63	G60	1.46756283543033
G46	G27	1.46744525947877
G48	G27	1.46736451460278
G6	G43	1.4666448041692999
G25	G55	1.4659339066758899
G66	G55	1.46363822274203
G13	G38	1.46321784919738
G81	G77	1.46286690816253
G72	G91	1.4627277674010801
G87	G77	1.4618432067222802
G26	G55	1.4618322787267801
G83	G55	1.46048525081535
G51	G12	1.46018184984465
G21	G83	1.4600069197907501
G9	G2	1.4590938532941597
G7	G83	1.4586086634008402
G39	G11	1.45851964450943
G14	G55	1.4581013653777501
G100	G77	1.4578192666941598
G80	G55	1.4575713306189702
G17	G55	1.4572620888054197
G81	G27	1.45706037327232
G48	G91	1.45654886075494
G87	G27	1.4562412299092702
G46	G91	1.4560893832203998
G76	G83	1.45474594977433
G92	G55	1.4544391815703899
G50	G4	1.45373050064513
G33	G55	1.4532713776944801
G100	G27	1.4523888094636002
G51	G60	1.45133082052239
G69	G83	1.4511902411890802
G24	G83	1.44874741330932
G19	G55	1.4466454641163702
G45	G55	1.44608229530219
G81	G91	1.44605142325128
G87	G91	1.44494423279323
G74	G38	1.44276103157442
G41	G8	1.44225069171296
G100	G91	1.4408858516377698
G64	G9	1.43990491365703
G53	G4	1.4393101258146204
G99	G77	1.4387718053571599
G54	G77	1.4372272738562097
G75	G55	1.43655954611365
G97	G55	1.4348344902229802
G40	G55	1.43399379388538
G61	G83	1.4334687709495402
G99	G27	1.43341623708102
G59	G77	1.4324048358466297
G54	G27	1.43176667372116
G56	G83	1.4284227871451598
G70	G77	1.4281681683045802
G59	G27	1.4271815776059198
G53	G60	1.4268927020753799
G34	G55	1.4240747498143602
G67	G60	1.42397399197719
G44	G9	1.42363898583581
G82	G9	1.42309462700517
G70	G27	1.4226230383992202
G36	G77	1.42232696549074
G99	G91	1.4220823136519
G50	G12	1.4211247381990502
G28	G83	1.42071745129534
G54	G91	1.42058968269747
G64	G60	1.42042844071652
G51	G43	1.42021148924152
G89	G55	1.4189030667275602
G6	G38	1.4187823840184701
G37	G83	1.41741358102432
G36	G27	1.4169631045411
G67	G4	1.416300446478
G96	G3	1.4160017283940198
G59	G91	1.41575160347965
G48	G83	1.41321928578102
G72	G83	1.41172222271357
G70	G91	1.4116136579203897
G46	G83	1.4079580915990901
G74	G77	1.40683637995859
G36	G91	1.4057767196265
G86	G55	1.40472203703304
G3	G9	1.40161452784525
G74	G27	1.40099920317912
G50	G43	1.40063064048909
G81	G83	1.39995441943435
G76	G55	1.39911547902978
G31	G49	1.39778940792319
G21	G55	1.3969813855492401
G87	G83	1.39595182222206
G64	G12	1.3946720699849902
G25	G49	1.39451088398731
G9	G10	1.39402397187714
G49	G49	1.39134632264172
G74	G91	1.39077321156232
G100	G83	1.38974575744273
G14	G49	1.38947947129103
G66	G49	1.3891122880606002
G7	G55	1.3881387558654499
G69	G55	1.3873737140536002
G47	G9	1.38704415284485
G26	G49	1.3865241763096399
G63	G9	1.38591681248737
G13	G77	1.38550146157258
G17	G49	1.3852908462986397
G2	G10	1.3850831639481203
G6	G77	1.38449175332502
G82	G60	1.38277699378275
G92	G49	1.3826091489507801
G80	G49	1.38117787160651
G13	G27	1.3802309312882501
G82	G12	1.3792702930188998
G6	G27	1.37874118871923
G24	G55	1.3782862075991398
G33	G49	1.3778123751698899
G83	G49	1.3774222319685598
G45	G49	1.37719169397075
G44	G12	1.37706238135203
G44	G38	1.3767783202716597
G67	G9	1.37665684233971
G47	G60	1.3766078956678602
G9	G63	1.3764758154620302
G9	G71	1.3758791433991298
G61	G55	1.37291427293582
G2	G2	1.37174994508069
G54	G83	1.3717467709578601
G29	G38	1.37171951626044
G99	G83	1.3716180305303702
G3	G38	1.37140932290851
G8	G4	1.3707384349158303
G44	G43	1.36958348381888
G19	G49	1.3694787911793203
G13	G91	1.36946783291812
G75	G49	1.3687589151455501
G6	G91	1.36870280322891
G48	G55	1.3675740855949399
G50	G38	1.36644957769928
G97	G49	1.3658317195379999
G40	G49	1.3658244877418402
G64	G43	1.3650565707048703
G70	G83	1.36455320936363
G29	G9	1.36404169718642
G59	G83	1.36398311376351
G38	G11	1.36336135867084
G56	G55	1.3623433480618403
G51	G4	1.36107560786764
G64	G4	1.3599085120035
G63	G38	1.35801876047123
G36	G83	1.35667642452961
G28	G55	1.3562994708988703
G58	G9	1.35534489903188
G34	G49	1.3552696097044
G3	G12	1.35485494616521
G53	G9	1.35472730634912
G9	G1	1.35342808234719
G37	G55	1.3522634337906398
G3	G43	1.35160114984551
G46	G55	1.3507932328547299
G74	G83	1.3500671599232799
G89	G49	1.3497751981317498
G72	G55	1.3485540046619902
G81	G55	1.3477403214089299
G86	G49	1.34561675807531
G82	G43	1.34445992721414
G47	G12	1.3431318183340502
G51	G77	1.34263460810195
G4	G60	1.34113074153003
G2	G71	1.34047670782945
G63	G12	1.33969595783394
G96	G2	1.33952417819869
G58	G60	1.33849032452018
G20	G8	1.33732336841439
G87	G55	1.3370211674278998
G63	G43	1.33692307902512
G51	G27	1.3364688847775001
G7	G49	1.33576415521051
G4	G9	1.33406793765845
G21	G49	1.33313998833096
G67	G12	1.3321650730148502
G6	G83	1.32877110095087
G51	G91	1.3275626100325901
G24	G49	1.3269557752484
G69	G49	1.32570166135848
G100	G55	1.32558659436317
G47	G4	1.3248739541869199
G76	G49	1.32462072459291
G51	G38	1.32425324212258
G29	G43	1.32356549247513
G13	G83	1.32246515936806
G91	G8	1.32180671450294
G50	G77	1.3216536960552
G67	G43	1.3205254516706
G53	G38	1.3194492195975802
G55	G29	1.3179389088698898
G29	G12	1.31784753462997
G39	G60	1.31706265385121
G47	G43	1.31678948318135
G50	G27	1.3163281178747601
G2	G1	1.31482402200065
G67	G38	1.3133803874701202
G58	G12	1.31246813161242
G2	G63	1.31233309235053
G54	G55	1.31215416293558
G53	G12	1.31007132632547
G73	G11	1.30901188429106
G99	G55	1.3084992763982
G70	G55	1.30848812614018
G74	G55	1.30836365527251
G61	G49	1.30825338979024
G11	G8	1.30785550243453
G50	G91	1.30659001155079
G56	G49	1.3065637223372
G82	G4	1.3063301746871
G53	G43	1.3052609502791699
G4	G4	1.3046492992123402
G39	G4	1.30215081617241
G64	G38	1.3007711050805801
G28	G49	1.2988722963911299
G59	G55	1.2976119737556202
G51	G83	1.29724448431948
G37	G49	1.2963106405132299
G73	G4	1.2955171248300401
G36	G55	1.2954336270468798
G4	G12	1.2913339803710702
G96	G10	1.29114745738747
G44	G77	1.29083671359839
G72	G49	1.29022282538744
G64	G77	1.2893044005844398
G62	G11	1.28818712592961
G6	G55	1.28816815218297
G44	G27	1.2860768437333798
G58	G43	1.28508598584802
G64	G27	1.28374789118735
G46	G49	1.28372679872553
G39	G9	1.28352284050934
G58	G4	1.28296612067116
G48	G49	1.28249444279033
G8	G11	1.27968621116024
G51	G55	1.27750973687446
G8	G60	1.27686454508995
G44	G91	1.27582456072317
G64	G91	1.27477536230386
G81	G49	1.27410125234196
G87	G49	1.27401797395473
G3	G77	1.27324580995523
G100	G49	1.27118002385416
G82	G77	1.2706477094553301
G4	G43	1.2704007240826
G96	G71	1.2702527905353402
G3	G27	1.2687624164921398
G55	G3	1.2665871894366298
G96	G63	1.26651469446355
G50	G83	1.2663577444973
G88	G8	1.26610164609847
G13	G55	1.26534977452874
G82	G27	1.26492132761707
G85	G16	1.2638106332603898
G82	G38	1.26340942177019
G47	G38	1.26178197087389
G7	G58	1.2598490493052
G63	G77	1.25937734525155
G3	G91	1.25851627608223
G82	G91	1.25632498480592
G63	G27	1.25495226500668
G99	G49	1.2545195638371498
G24	G58	1.25413751118701
G14	G58	1.2537158769237
G54	G49	1.2527818809508
G73	G60	1.2498213469857
G59	G49	1.24939846969376
G96	G1	1.2489506053416202
G25	G58	1.24825963945282
G29	G77	1.24575137754172
G67	G77	1.2451889491828898
G63	G91	1.2447821954543101
G31	G58	1.2445476697368898
G70	G49	1.24452730458328
G86	G58	1.24353785313346
G47	G77	1.24340312949617
G38	G60	1.24313515641379
G39	G12	1.24202399729124
G29	G27	1.2416823081235702
G64	G83	1.24073448965151
G67	G27	1.24041700221103
G36	G49	1.24013989192999
G45	G58	1.2393881115241399
G38	G4	1.23934892438689
G47	G27	1.23814236602464
G17	G58	1.23594458913091
G75	G58	1.23453949934214
G92	G58	1.2336303722131998
G4	G38	1.23161410098296
G29	G91	1.23113601177565
G67	G91	1.2307485901439899
G66	G58	1.23018429738533
G53	G77	1.22989505581767
G44	G83	1.2298410124660601
G40	G58	1.22974541566172
G47	G91	1.22939077073352
G39	G43	1.22859360498271
G31	G15	1.22763323418291
G49	G15	1.22693902380275
G97	G58	1.22635682284337
G82	G83	1.22606185910307
G58	G38	1.22589569306564
G53	G27	1.22545894501845
G74	G49	1.22424764218052
G26	G58	1.2241364177820402
G25	G15	1.2235459559178101
G50	G55	1.2230874607762399
G66	G15	1.2212699034023502
G60	G8	1.2201539053458101
G26	G15	1.21968914330904
G83	G15	1.21779184003146
G14	G15	1.21724671402092
G17	G15	1.2161924317262398
G80	G15	1.21601762230242
G34	G58	1.21560430948936
G53	G91	1.21558373403868
G80	G58	1.21410414213108
G85	G20	1.2140068561859299
G56	G58	1.2140059437761999
G33	G58	1.21393321866842
G92	G15	1.21384047178618
G58	G77	1.21364729168332
G39	G38	1.2132778461493798
G33	G15	1.2125047901881
G49	G58	1.21217499617801
G69	G58	1.21183751437679
G21	G58	1.21139816600733
G64	G55	1.21080835136312
G3	G83	1.21059569969039
G58	G27	1.20846316993668
G89	G58	1.20841829695884
G13	G49	1.20762774563059
G45	G15	1.2071187926221598
G19	G15	1.2067712695985
G6	G49	1.2047285624158501
G82	G55	1.2034357103171698
G37	G58	1.20234533598347
G58	G91	1.2000360643972
G28	G58	1.19924803571076
G75	G15	1.19923747482466
G4	G77	1.19901327814173
G19	G58	1.19807753496071
G97	G15	1.19768722461535
G38	G9	1.19744785885854
G63	G83	1.1971911312964298
G40	G15	1.1970579102827
G47	G83	1.1952690761621299
G8	G38	1.19449569416084
G4	G27	1.19411840498919
G85	G5	1.19282310256699
G67	G83	1.18888578237513
G34	G15	1.18866388864147
G72	G58	1.1862465194943301
G4	G91	1.18544707306717
G89	G15	1.18429214048885
G83	G58	1.1833238177423302
G59	G58	1.18186973794478
G100	G58	1.1810692282951898
G61	G58	1.18103008574881
G55	G10	1.18073828836704
G29	G83	1.17945926278344
G55	G2	1.17871702820019
G86	G15	1.17335635633178
G44	G55	1.1714849884313898
G53	G83	1.17044460520681
G7	G84	1.16767631200601
G58	G83	1.16757797991021
G76	G15	1.16715950216458
G21	G15	1.16640205270609
G49	G53	1.1661905617995902
G51	G49	1.16588842388044
G99	G58	1.16468972247541
G31	G53	1.1645220819229198
G47	G55	1.16369493249536
G24	G84	1.1632385498823798
G62	G60	1.16214150945656
G73	G38	1.16205250552052
G9	G11	1.1618710553968998
G31	G18	1.1602073171393998
G49	G18	1.1601987563126002
G7	G15	1.16013280653319
G25	G53	1.16002770463781
G76	G58	1.15971577820143
G38	G12	1.15909589675553
G66	G53	1.1590812705083
G83	G53	1.15897552764169
G39	G77	1.1587624863761599
G69	G15	1.158565536636
G26	G53	1.15789419897462
G25	G18	1.15615983784419
G80	G53	1.15488780244124
G15	G8	1.15446440951743
G66	G18	1.15435473257965
G39	G27	1.15425582621421
G17	G53	1.15342442925568
G14	G53	1.1531600167374199
G26	G18	1.15294783723986
G24	G15	1.15195939507885
G83	G18	1.15195833974272
G33	G53	1.1512820943931101
G92	G53	1.1511930913283501
G50	G49	1.15055128457546
G87	G58	1.1502458008798
G4	G83	1.15002292710592
G14	G18	1.14996469580866
G38	G43	1.149924878103
G80	G18	1.1495989951565901
G17	G18	1.1493224159479
G3	G55	1.1481875408668603
G62	G4	1.14795878677479
G38	G38	1.1473104349408
G92	G18	1.1470947438636399
G19	G53	1.14659942120207
G33	G18	1.1462097267962
G61	G15	1.1461483573800502
G55	G71	1.1459156807075501
G39	G91	1.14545121342282
G46	G58	1.14433794630354
G86	G84	1.1442716432522
G83	G82	1.14395125005092
G45	G53	1.1438853410848702
G14	G84	1.14365312637636
G36	G58	1.1428083342233
G73	G9	1.14206941655265
G54	G58	1.14113150740253
G19	G18	1.14099968387878
G45	G18	1.1404790934964
G48	G15	1.13964036519352
G58	G55	1.1389559623907899
G71	G8	1.1388989889740802
G49	G82	1.13871653289499
G67	G55	1.13810906270981
G56	G15	1.1381016583013799
G75	G53	1.13618437777017
G25	G84	1.1352748777564
G97	G53	1.13517259444884
G63	G55	1.1348307119773
G40	G53	1.1342902011146798
G62	G9	1.13373629441593
G75	G18	1.1329628603921498
G28	G15	1.1328945124988798
G97	G18	1.13162767886346
G40	G18	1.1309518567190902
G51	G82	1.12977961125599
G37	G15	1.12963965317523
G31	G84	1.1295600323171202
G45	G84	1.12944166776971
G46	G15	1.12726053209578
G34	G53	1.12674492120445
G72	G15	1.12630324585065
G75	G84	1.12594956910688
G44	G49	1.12574828687576
G55	G63	1.12532123746143
G55	G1	1.1244474911537599
G81	G15	1.12413973517799
G34	G18	1.12313756769246
G89	G53	1.12281744871181
G17	G84	1.12266395549744
G29	G58	1.12258481839119
G2	G11	1.122333742848
G40	G84	1.12087619821021
G64	G49	1.12086138340432
G92	G84	1.12058470567338
G80	G82	1.11972354566428
G56	G84	1.11923471592979
G89	G18	1.1190613955605402
G26	G82	1.1187317529851202
G31	G82	1.11742932863782
G66	G82	1.11710324982099
G97	G84	1.11665364114562
G87	G15	1.11616984925621
G19	G82	1.1159235827198302
G66	G84	1.1142389762223002
G33	G82	1.11418863658674
G4	G55	1.11401773720023
G70	G58	1.1137906210014699
G53	G55	1.1119784031266597
G73	G43	1.11154799919972
G3	G49	1.11084565104971
G8	G9	1.1107932211100502
G69	G84	1.1106930887430602
G86	G53	1.1090173303118602
G76	G53	1.10890881790448
G25	G82	1.1081929924020502
G81	G58	1.1080360625598102
G21	G84	1.1078515472335702
G86	G18	1.10778418748198
G37	G84	1.10776794029542
G5	G16	1.10776646457741
G39	G83	1.10771011773759
G26	G84	1.1074932598846599
G100	G15	1.10741111532735
G29	G55	1.10702872721716
G34	G84	1.1064097238886101
G17	G82	1.1049027287454698
G21	G53	1.10431473158967
G82	G49	1.1039120568191398
G73	G12	1.10390027037203
G5	G5	1.10388834314864
G76	G18	1.10350806834584
G28	G84	1.10313421795431
G92	G82	1.1026994623430801
G21	G18	1.10171873562922
G89	G84	1.09908642744142
G63	G49	1.09885079570865
G13	G58	1.0983357281991
G33	G84	1.09741864009739
G62	G12	1.09715387210241
G80	G84	1.09657585785936
G59	G84	1.09648017738461
G69	G53	1.09625106265712
G54	G15	1.09565749121788
G48	G82	1.09507776953871
G7	G18	1.09464769240067
G7	G53	1.0942928143931199
G14	G82	1.0942712236160501
G8	G43	1.09421349220169
G69	G18	1.09413191931731
G99	G15	1.09311446173476
G2	G4	1.09278166893933
G70	G15	1.0920848940344399
G49	G84	1.09107401205174
G74	G15	1.09004801313295
G72	G84	1.08950357578623
G31	G33	1.08896081818277
G100	G84	1.08882746762569
G29	G49	1.08826165852601
G45	G82	1.0878629538406
G48	G53	1.08729612974857
G24	G18	1.08687666070982
G25	G33	1.0867437667516802
G24	G53	1.08633367031689
G61	G53	1.08583662519363
G67	G49	1.08530752335629
G62	G43	1.08495837984026
G59	G15	1.08454921589005
G38	G77	1.0843101880377701
G14	G33	1.0832800749511702
G61	G18	1.08275972879637
G49	G33	1.08272912173452
G36	G15	1.08200282986046
G66	G33	1.08189777246576
G49	G59	1.08182169980228
G97	G82	1.08165458539847
G47	G49	1.0812469398446098
G38	G27	1.0801395372796998
G19	G84	1.0801192478558699
G26	G33	1.0797180937428499
G31	G59	1.07949148425804
G17	G33	1.07935771811806
G48	G18	1.07873653680794
G8	G58	1.0786045476832902
G76	G82	1.0785518353404902
G75	G82	1.07849397013521
G40	G82	1.07829329755982
G61	G84	1.0774825128074101
G92	G33	1.0772746824127
G83	G59	1.0756242925867499
G80	G33	1.07531955526649
G56	G53	1.07513744693635
G25	G59	1.0751107770465
G66	G59	1.0746416419513198
G34	G82	1.07456588284577
G56	G18	1.07433984436684
G3	G58	1.07389412569125
G8	G84	1.07384591662375
G26	G59	1.07364787493011
G45	G33	1.07354296875002
G99	G84	1.0734091357992699
G6	G15	1.07316347688521
G31	G26	1.0729945154597198
G53	G49	1.07291983698134
G33	G33	1.07283068545957
G89	G82	1.07247667090728
G10	G16	1.07210764826492
G48	G58	1.07174530989868
G38	G91	1.07158556475772
G29	G84	1.0714310179721702
G96	G11	1.0711980105249999
G83	G33	1.07112290563685
G80	G59	1.07101320369624
G28	G53	1.07090818571253
G25	G26	1.07087139827474
G62	G38	1.07041942611717
G8	G12	1.07031370168231
G28	G18	1.06959462058448
G46	G53	1.06924597046681
G17	G59	1.06911650684382
G81	G53	1.06873372121865
G14	G59	1.0684501224799499
G14	G26	1.06762449938272
G33	G59	1.0675859032163801
G37	G53	1.0673583348716
G31	G19	1.06715046369695
G75	G33	1.0670987836628
G92	G59	1.06704496887284
G49	G26	1.0664222394967
G37	G18	1.0663913665223899
G19	G33	1.0659482914928
G66	G26	1.06592259571459
G63	G58	1.06584860336245
G46	G18	1.0653180495923198
G72	G53	1.0651352192329
G40	G33	1.0647200865847801
G97	G33	1.06457386921669
G25	G19	1.0645531600862699
G39	G55	1.06401788638958
G26	G26	1.06370845469463
G5	G20	1.0636988013662299
G17	G26	1.0635516856363
G72	G18	1.06349540944163
G19	G59	1.06349452393423
G81	G18	1.06300124651932
G49	G19	1.0626531142984
G2	G60	1.06176520247498
G92	G26	1.06149191507041
G51	G15	1.06142704495502
G66	G19	1.06063018638961
G14	G19	1.06055771032048
G45	G59	1.05995783553431
G80	G26	1.05926882005705
G83	G84	1.05922654432188
G26	G19	1.0587161867430501
G31	G31	1.05821117955909
G45	G26	1.05797540915629
G17	G19	1.05757579901818
G87	G53	1.0574614079519
G33	G26	1.05686709905623
G25	G31	1.0565594730363002
G13	G15	1.05651884912863
G74	G82	1.05645975190147
G34	G33	1.05627583831104
G44	G58	1.055795018649
G92	G19	1.05552703832861
G58	G49	1.0550774239297198
G83	G26	1.05472449118247
G80	G19	1.0547174610601602
G87	G18	1.05443870934899
G14	G31	1.0540632743993599
G77	G8	1.05317082801563
G75	G59	1.0527354204594
G83	G19	1.0522783053993001
G33	G19	1.05210656111927
G97	G59	1.05196054042231
G89	G33	1.05189057896421
G75	G26	1.05165846842117
G45	G19	1.05122458920689
G40	G59	1.05104249956542
G66	G31	1.05076314502269
G36	G84	1.0505213683163799
G86	G33	1.05042056955468
G19	G26	1.04995163890613
G49	G31	1.04985413561252
G87	G84	1.0493929294567599
G40	G26	1.0492745004535
G97	G26	1.04907525247771
G17	G31	1.0490642099057301
G26	G31	1.04831438519521
G92	G31	1.04703201164849
G10	G5	1.04674251823622
G100	G53	1.04619508302087
G73	G77	1.04603794822213
G82	G82	1.04588495405824
G19	G19	1.04587562326815
G76	G84	1.0458350213165402
G100	G18	1.0453498041220601
G7	G47	1.04533454857691
G81	G82	1.0448975710374
G75	G19	1.04474587696222
G54	G84	1.0445113740638101
G45	G31	1.04430383207586
G34	G59	1.04419240466381
G7	G33	1.04392143843556
G80	G31	1.0435499703171
G4	G49	1.0432732610570299
G73	G27	1.0426343250895
G97	G19	1.0426022900879
G40	G19	1.04254211876796
G6	G82	1.04208163512431
G21	G82	1.04155442498968
G33	G31	1.04138737480265
G74	G53	1.04099058114923
G34	G26	1.0408850994407401
G24	G47	1.04074221716692
G89	G59	1.04061529069404
G21	G33	1.03974162095596
G46	G84	1.03900158879962
G75	G31	1.03825189134383
G83	G31	1.03715989496476
G24	G33	1.03715277796962
G54	G53	1.0371143452085
G14	G47	1.03679838212357
G89	G26	1.03652007537314
G40	G31	1.03574768713693
G86	G26	1.03571321831589
G70	G53	1.03550389924849
G97	G31	1.03531442332123
G38	G83	1.03491663983468
G54	G18	1.03481332172333
G34	G19	1.03455698450747
G69	G33	1.0342814620833198
G19	G31	1.03397143126477
G73	G91	1.03347547388081
G99	G53	1.03279366046571
G74	G18	1.03205120751764
G70	G18	1.03195118489933
G99	G18	1.0318703394698399
G25	G47	1.03166330603784
G76	G33	1.03109004991239
G86	G82	1.0305621005274699
G89	G19	1.03039832700678
G86	G47	1.03022853686992
G61	G82	1.02985636297421
G10	G20	1.02973025705969
G7	G26	1.0296454874965402
G69	G82	1.02858760344901
G76	G59	1.02850276833554
G31	G47	1.02815326100548
G9	G60	1.0272800353368698
G8	G77	1.02721929381817
G34	G31	1.02714554701526
G86	G59	1.0266787674178
G86	G19	1.02661299619515
G9	G9	1.0252417236186
G6	G53	1.0251005336475199
G46	G82	1.02498574729572
G21	G26	1.02482561251289
G45	G47	1.0247485038589499
G8	G27	1.02469741522169
G86	G31	1.0246198172321899
G51	G53	1.02457260305887
G53	G58	1.02443626173214
G62	G77	1.02334604502743
G59	G18	1.02324072866044
G24	G26	1.02302717311414
G36	G53	1.02295566982156
G21	G59	1.02293768844825
G59	G53	1.02273937261588
G89	G31	1.02267004210249
G36	G18	1.02160925358727
G17	G47	1.02121785849451
G75	G47	1.02091933845026
G7	G31	1.0203553919289698
G56	G33	1.02023052010717
G61	G33	1.01999745076841
G50	G15	1.01964126582058
G69	G26	1.01954195672526
G62	G27	1.0193477257281802
G92	G47	1.01931518560714
G7	G19	1.01869915467317
G64	G82	1.01751195720378
G21	G19	1.01741540464477
G40	G47	1.01682055534052
G31	G39	1.0163266378312201
G6	G18	1.01612040929367
G66	G47	1.01586991006516
G76	G26	1.01558601780786
G25	G39	1.01548225682929
G69	G59	1.01524762941669
G8	G91	1.01512846998967
G14	G39	1.0140380924143
G24	G31	1.01399121621942
G28	G33	1.01389549319455
G97	G47	1.01380402543794
G70	G84	1.0127873792820201
G21	G31	1.0123775895254201
G7	G59	1.01227374468961
G37	G33	1.01213845259038
G74	G58	1.0119563686611601
G24	G19	1.01194223419997
G69	G19	1.01162867537527
G76	G19	1.01160345215498
G62	G91	1.01158264527518
G26	G47	1.01063772673634
G48	G59	1.00996033382844
G39	G49	1.00943959362215
G27	G8	1.00934962315916
G66	G39	1.00854035683476
G51	G18	1.0079602225306
G17	G39	1.00782243298086
G69	G31	1.00765394921192
G64	G15	1.00761531875529
G72	G33	1.00691310569044
G56	G47	1.0061674304635
G56	G26	1.00604870323516
G61	G59	1.00604417782626
G92	G39	1.00590902132849
G26	G39	1.00580850920837
G49	G39	1.00562360970856
G61	G26	1.00519495676567
G24	G59	1.00483405014623
G34	G47	1.00483193684351
G13	G84	1.00473291108398
G1	G8	1.00462255166248
G45	G39	1.00437250745157
G3	G84	1.00367053611734
G69	G47	1.0031777205935302
G87	G82	1.00283772874633
G21	G47	1.00235716648933
G33	G47	1.00205986324631
G80	G47	1.00202583061449
G80	G39	1.00077826674631
G82	G15	1.00045032396492
G13	G53	1.00025466250606
G76	G31	1.00016012254241
G46	G33	1.0001492698732901
G49	G47	0.999716651618021
G28	G26	0.999636426818241
G33	G39	0.9989366403473221
G75	G39	0.9988663691313051
G89	G47	0.9987562789081179
G61	G19	0.9985457434749391
G37	G26	0.997999389808522
G13	G18	0.9978921738760741
G7	G82	0.9978380690894809
G63	G84	0.9973003182156349
G56	G19	0.9967127874448121
G81	G84	0.9966073870575319
G37	G47	0.996391685418075
G40	G39	0.996231643971105
G48	G33	0.9959529243345121
G28	G82	0.9959210658705601
G9	G4	0.9958789533348741
G56	G31	0.995728072629603
G97	G39	0.9954595134669301
G56	G59	0.9951191059649059
G72	G82	0.994289622734686
G56	G82	0.994169841157181
G28	G47	0.9934949194676299
G6	G58	0.993378355637501
G87	G33	0.993303514843744
G9	G12	0.992919225837564
G72	G26	0.9926684567385501
G100	G33	0.992619124271992
G61	G31	0.992411099550981
G83	G39	0.9917962527699101
G81	G59	0.991445934411042
G81	G33	0.991439723420437
G28	G59	0.9914239071284799
G46	G59	0.991137021060461
G19	G39	0.990984565267228
G28	G19	0.9909665902611341
G70	G82	0.9893507271766591
G73	G83	0.9891270091613791
G38	G55	0.9890766734936769
G37	G19	0.988923400889932
G28	G31	0.988818562545023
G86	G39	0.988686343101888
G24	G82	0.9886439813590642
G37	G82	0.9885439049269742
G19	G47	0.9884256210786491
G37	G59	0.987979426519278
G37	G31	0.987586793282862
G34	G39	0.987474875339462
G7	G39	0.9873176488367729
G72	G59	0.986227651801052
G46	G26	0.98550155732628
G2	G38	0.9854443325227741
G72	G19	0.9844458594991171
G31	G66	0.984261685992613
G67	G58	0.9830315934924029
G89	G39	0.982990989273291
G72	G47	0.9824202614169459
G25	G66	0.982390789281856
G72	G31	0.9815688046046009
G24	G39	0.98134860387281
G2	G9	0.9812596123845211
G59	G47	0.98085927748005
G48	G19	0.9802302397276551
G48	G26	0.9801465448102729
G46	G19	0.9800405371294509
G87	G59	0.9797527218720791
G14	G66	0.979586954158587
G99	G33	0.979572179627823
G85	G29	0.97941876849023
G100	G47	0.9789003964742758
G44	G15	0.9788967070139181
G87	G26	0.978886826526017
G100	G26	0.9787609128533851
G62	G83	0.978479740939326
G49	G66	0.9777810223582021
G66	G66	0.9776563791647971
G50	G58	0.977342314079479
G54	G33	0.977211773443813
G61	G47	0.9767692002716329
G59	G33	0.9765852090952108
G44	G84	0.976549554990761
G81	G26	0.9763651126411429
G54	G82	0.976089554159509
G9	G43	0.975764888983649
G17	G66	0.975625906363475
G26	G66	0.975558217031892
G21	G39	0.9749563227621422
G83	G47	0.9748342875910879
G92	G66	0.9737302756957671
G81	G19	0.973140407084985
G87	G19	0.9724089501268209
G46	G31	0.972006839744916
G50	G53	0.971496460317097
G80	G66	0.97137828115008
G69	G39	0.97116147636755
G45	G66	0.9706756126869409
G70	G33	0.969831886272565
G100	G19	0.969721933190954
G33	G66	0.9692294841597401
G47	G15	0.9688136366322311
G100	G31	0.968670833350505
G100	G59	0.968319345139422
G16	G16	0.9680513959336879
G36	G33	0.9679420700526009
G100	G82	0.9673948598961669
G74	G59	0.9672615902383148
G50	G82	0.9668060653337229
G83	G66	0.966774233473496
G64	G53	0.9667456561545809
G73	G58	0.9665209623563621
G87	G31	0.9664380206087241
G99	G26	0.9658617089239971
G99	G47	0.9652811883315942
G75	G66	0.9649162506198291
G50	G18	0.964727840954798
G47	G82	0.964273316409923
G82	G53	0.9636028839675991
G59	G26	0.9632625513405071
G54	G26	0.963194089547915
G19	G66	0.962743253067046
G40	G66	0.9626902945354459
G97	G66	0.9624510242737329
G48	G31	0.9616432517184108
G12	G8	0.961515199477343
G56	G39	0.9614973297183509
G8	G83	0.961428024646778
G81	G31	0.960970777354068
G55	G11	0.9606166520237601
G54	G59	0.9605996048004151
G3	G15	0.96022117862473
G70	G59	0.959714189335348
G76	G39	0.9588196945861751
G96	G60	0.957646283280453
G99	G19	0.9570244961179109
G76	G47	0.956857337162797
G54	G19	0.9560456048986541
G99	G59	0.95594139060508
G99	G31	0.955825687717312
G99	G82	0.9556561823168671
G70	G26	0.955655820634006
G51	G59	0.955619947512589
G64	G18	0.9551946368869271
G61	G39	0.955093748087312
G34	G66	0.9549210439301591
G59	G31	0.9547906378749851
G36	G26	0.9543239912155649
G58	G82	0.954276823936934
G28	G39	0.954205405511086
G37	G39	0.953553363897195
G53	G84	0.9534592096308342
G36	G82	0.953014383529948
G59	G19	0.9527769869374
G6	G59	0.95256646527128
G2	G43	0.951836270510412
G54	G31	0.951658291757218
G87	G47	0.951321536584023
G89	G66	0.950869948913262
G86	G66	0.9508011119508231
G84	G5	0.950409043393897
G74	G33	0.9502219611874549
G67	G15	0.950177747867694
G70	G19	0.9500502214860491
G82	G18	0.9494884748943899
G31	G17	0.9492739136918651
G63	G15	0.9491387668822241
G48	G84	0.948635340239812
G2	G12	0.9480175988937909
G25	G17	0.9479328422997759
G58	G15	0.9479280484338399
G36	G59	0.947102123752984
G72	G39	0.946737566688312
G36	G47	0.946583626707102
G36	G19	0.9461936719362121
G59	G59	0.9459726616353421
G14	G17	0.9458225035472758
G7	G66	0.9456007001021859
G46	G47	0.9454597513074251
G38	G49	0.9454417246955559
G54	G47	0.9444102524332859
G36	G31	0.9438674152326428
G96	G9	0.9437343785689771
G9	G38	0.9431435719151949
G70	G31	0.942848212437687
G13	G82	0.9426189996324742
G66	G17	0.9425103365562729
G13	G33	0.9419058544044692
G49	G17	0.94142337719522
G17	G17	0.9411300765870259
G21	G66	0.940432187949175
G26	G17	0.940270975445682
G62	G55	0.940254964773022
G24	G66	0.939581165226399
G92	G17	0.9393159167699889
G96	G4	0.938058149434321
G29	G47	0.937262329655509
G45	G17	0.9370193725985941
G80	G17	0.9359463639945629
G74	G19	0.9358856762082142
G69	G66	0.9356910153983721
G31	G23	0.935646785476563
G100	G39	0.935585437163808
G6	G33	0.9349612265136971
G74	G26	0.9349233515178209
G49	G23	0.9343961297553721
G33	G17	0.9340402959465329
G46	G39	0.933756792270567
G25	G23	0.9326961346120709
G75	G17	0.9316393765740358
G76	G66	0.9312078145871221
G66	G23	0.930616059523783
G16	G20	0.9305068641738551
G87	G39	0.9301677231703259
G59	G82	0.929942749366077
G83	G17	0.9298082745316679
G53	G15	0.929611848699619
G73	G84	0.929548165121851
G40	G17	0.929368019558522
G26	G23	0.9293077389216949
G97	G17	0.928933651214255
G13	G26	0.928364177586521
G4	G15	0.928251524504157
G14	G23	0.9281651974883429
G47	G53	0.928044282851067
G29	G15	0.927446595974865
G19	G17	0.927273273307249
G17	G23	0.9269883246293029
G83	G23	0.926981045367565
G13	G59	0.926509427459891
G80	G23	0.9263608591768041
G92	G23	0.925195320576872
G31	G80	0.9247352850520809
G59	G39	0.924351319627718
G44	G53	0.9239288824365759
G73	G55	0.923924046297109
G44	G18	0.923795273178766
G33	G23	0.923760947107208
G56	G66	0.9236750623071159
G99	G39	0.9231769141272991
G25	G80	0.922575084875938
G61	G66	0.9222487559308671
G13	G19	0.9216090496164341
G34	G17	0.9215779125676871
G85	G3	0.9212401300137649
G9	G77	0.921191793438634
G6	G19	0.921000654536899
G81	G39	0.9206906197889921
G70	G47	0.920525492171855
G49	G80	0.920463559517077
G45	G23	0.9203553512194219
G6	G26	0.9198553708170821
G86	G17	0.9197980341810079
G14	G80	0.9192576467693271
G55	G4	0.9192138597870619
G19	G23	0.9191639349244141
G66	G80	0.918987490546494
G47	G18	0.9179836427633291
G28	G66	0.917622443742894
G89	G17	0.9175425998535942
G9	G27	0.9173316719105029
G26	G80	0.917277735109736
G13	G31	0.917118643388567
G54	G39	0.916901286581664
G48	G39	0.916864735830254
G17	G80	0.9164727396533391
G74	G31	0.9164552397543522
G7	G17	0.9163786988942539
G37	G66	0.916217592128606
G92	G80	0.9146958916055808
G73	G49	0.9146425960087329
G75	G23	0.914417598683611
G81	G47	0.91376578714893
G96	G12	0.913747351479755
G80	G80	0.9137320752784449
G97	G23	0.9130828282140631
G40	G23	0.912695473579185
G33	G80	0.9115150235339359
G83	G80	0.9112392849940941
G72	G66	0.9111374107533871
G45	G80	0.911116275786127
G24	G17	0.91068294830356
G9	G91	0.9106487847053729
G36	G39	0.910470232933725
G58	G53	0.9092093628976071
G8	G47	0.9089259437335229
G13	G47	0.908894696418629
G21	G17	0.9085589299207639
G70	G39	0.906316627871718
G34	G23	0.906171972623397
G19	G80	0.90599357738692
G75	G80	0.9055351591860921
G3	G18	0.905332915898081
G69	G17	0.904435939484867
G46	G66	0.9040177311028409
G97	G80	0.9036044599578791
G40	G80	0.9035976170804341
G3	G53	0.9035564792296981
G89	G23	0.902776213739162
G50	G59	0.9019074539203492
G6	G31	0.9014997654643809
G96	G43	0.901010044995897
G55	G60	0.900237809525762
G8	G49	0.899925196080908
G67	G53	0.8998959279577149
G64	G59	0.8997239243389531
G51	G33	0.8992085736376729
G100	G66	0.898566830211828
G58	G18	0.8985023907650709
G87	G66	0.8981074517939742
G82	G59	0.8980840868879729
G67	G84	0.8979225943542479
G48	G66	0.8978363309537929
G67	G18	0.8975627342093929
G76	G17	0.897006165410734
G34	G80	0.896613104045607
G2	G77	0.895899001309558
G86	G23	0.895495925880173
G4	G82	0.89534803761143
G81	G66	0.895075586458504
G63	G18	0.8948005317910079
G50	G33	0.89425734870491
G56	G17	0.893952192565725
G39	G58	0.893549868783615
G51	G19	0.893210757229219
G89	G80	0.8929711608394709
G2	G27	0.892968390801235
G63	G53	0.8927810021262009
G3	G47	0.892694870421467
G74	G84	0.891623773444016
G62	G49	0.891455750042
G61	G17	0.890579572645648
G86	G80	0.890245129996703
G21	G23	0.889619986093203
G76	G23	0.889003319724312
G39	G15	0.887834969055192
G28	G17	0.8876899990804459
G31	G14	0.8871034832991791
G99	G66	0.886690719195832
G37	G17	0.886647229297325
G25	G14	0.8865530724843709
G63	G47	0.8862030743178859
G4	G53	0.886184274456282
G7	G23	0.886075530887698
G14	G14	0.885526538172982
G2	G91	0.8854077575874859
G59	G66	0.8846702556161691
G9	G83	0.8845008941603141
G94	G8	0.884447807092173
G54	G66	0.8838847520867579
G69	G23	0.883832745354114
G7	G80	0.883724835291752
G13	G39	0.883521602007515
G51	G51	0.8832182685935099
G51	G26	0.882716742259236
G21	G80	0.881964232539709
G72	G17	0.8811191433860379
G48	G47	0.880982053072778
G96	G38	0.8808122753443159
G50	G26	0.8802112383647158
G66	G14	0.8801533572636271
G24	G23	0.8799084710663791
G17	G14	0.879768558206664
G44	G33	0.8795041769838909
G50	G19	0.8791388685963369
G4	G18	0.8786980495711569
G49	G99	0.8781479237255571
G8	G55	0.8781227487272991
G92	G14	0.878089703389284
G31	G99	0.878035785138114
G24	G80	0.8779059381270541
G26	G14	0.877716129868428
G49	G14	0.8772327507786819
G69	G80	0.8770476690590809
G45	G14	0.8769673685710971
G53	G18	0.876824806157033
G70	G66	0.8766763576364879
G18	G8	0.8763428698403929
G76	G80	0.876305686344877
G64	G58	0.8760829416660241
G36	G66	0.876019494963549
G53	G53	0.8758084855525691
G44	G47	0.8756721433573771
G25	G99	0.874932291416994
G6	G84	0.874331103303272
G61	G23	0.873948294887653
G66	G99	0.8736506500178659
G80	G14	0.8731955165362341
G74	G39	0.8728213125815492
G29	G18	0.872698172505279
G26	G99	0.8725928094273641
G75	G14	0.8722045817456129
G83	G99	0.8720046663537009
G46	G17	0.8719646908527858
G33	G14	0.871683850108473
G50	G84	0.8708470403930749
G31	G92	0.870342531344497
G14	G99	0.870176143581781
G80	G99	0.8701057605339692
G40	G14	0.869885383318038
G17	G99	0.8697741997412171
G100	G17	0.869721300353678
G3	G33	0.8693737637144409
G97	G14	0.869159646005123
G25	G92	0.869110400695616
G56	G23	0.868768203132806
G92	G99	0.868097773398685
G64	G33	0.867687646270843
G4	G58	0.86763573608039
G33	G99	0.8675031262250121
G44	G26	0.8673799764544259
G87	G17	0.867275698467104
G14	G92	0.8671590640892209
G85	G2	0.8668691831412699
G48	G23	0.8666647789271529
G29	G53	0.8663940498889251
G61	G80	0.865487205785308
G83	G14	0.864799132565285
G50	G31	0.8646330726457859
G28	G23	0.8645728358125492
G19	G14	0.864548373093207
G56	G80	0.8644044960986641
G38	G58	0.8643754645162359
G66	G92	0.864152450541156
G86	G14	0.863952744863654
G19	G99	0.8636117223740959
G7	G14	0.863235257237854
G47	G59	0.863198838163919
G49	G92	0.8631925767683579
G45	G99	0.8630444799476509
G17	G92	0.8628760124982711
G47	G58	0.862562897181287
G37	G23	0.8622401883257621
G34	G14	0.8621426674797271
G26	G92	0.862108019687584
G81	G17	0.8618098246529059
G48	G17	0.861780392298769
G92	G92	0.8612132540106151
G63	G33	0.860146691576952
G72	G23	0.859405486108484
G28	G80	0.859303032127229
G46	G23	0.8591833928397841
G44	G31	0.8591250025249492
G45	G92	0.8590908953983621
G44	G19	0.8586218483852801
G6	G39	0.8583978447243801
G99	G17	0.8581944823413772
G89	G14	0.8581573934869692
G80	G92	0.858153892146058
G24	G14	0.858098675056722
G3	G26	0.857769856565183
G64	G19	0.85763785781211
G37	G80	0.8576086109066209
G59	G17	0.8575681848803951
G9	G55	0.8575254666491521
G75	G99	0.8573540265331291
G51	G31	0.856458846146316
G33	G92	0.856402901724896
G97	G99	0.856348585640913
G74	G66	0.8561857439712329
G81	G23	0.856022026951555
G40	G99	0.8558306425712259
G29	G33	0.854901450896409
G44	G59	0.8548614843547879
G75	G92	0.854153970360614
G54	G17	0.854145942084174
G31	G25	0.8536601784805059
G72	G80	0.8535740163106379
G43	G16	0.852944573163898
G64	G26	0.852820917203044
G25	G25	0.85268179890746
G83	G92	0.852570207941986
G82	G33	0.852514637762575
G40	G92	0.8520776916305691
G13	G66	0.851887547033808
G3	G31	0.85175508794522
G97	G92	0.851686619626686
G21	G14	0.8514649049471659
G67	G82	0.851098576080395
G87	G23	0.851092546823664
G14	G25	0.851035835069845
G53	G47	0.850774206199605
G96	G77	0.8502278877791959
G19	G92	0.850211544287943
G34	G99	0.8499376587113209
G46	G80	0.849258596743173
G63	G26	0.848741095674925
G48	G80	0.848394299308702
G2	G83	0.848338948248744
G69	G14	0.848311679006629
G66	G25	0.8474109542602909
G36	G17	0.847275191376328
G44	G82	0.8469622466343101
G89	G99	0.846880435335682
G96	G27	0.8467824006813809
G3	G19	0.846750580493804
G17	G25	0.8464290419278181
G67	G33	0.846305156982011
G85	G10	0.8461164253071191
G58	G59	0.8460534945735529
G49	G25	0.845924390000958
G70	G17	0.8459152478097249
G82	G19	0.845362185633895
G100	G23	0.845321703459393
G26	G25	0.8453116576915541
G34	G92	0.844942692077163
G92	G25	0.8448076858555931
G29	G26	0.8446705387152509
G29	G31	0.84371982548572
G86	G92	0.8432454331584771
G63	G31	0.843053882808158
G45	G25	0.843025588224805
G81	G80	0.842862759394035
G87	G80	0.842827367093922
G39	G53	0.8427898322017309
G6	G66	0.8423317755067029
G80	G25	0.8413080578212109
G89	G92	0.84124599834002
G55	G9	0.841044625298067
G100	G80	0.8409756412774129
G96	G91	0.8404344104098629
G56	G14	0.8402952845002042
G7	G92	0.8400740815782539
G33	G25	0.839665880172567
G51	G58	0.8393989773103349
G39	G18	0.839158336025265
G53	G33	0.8390740706019771
G75	G25	0.838264308859493
G86	G99	0.838136588520606
G47	G33	0.837830181133761
G63	G19	0.837553937145617
G82	G26	0.837280434522755
G7	G73	0.8372002491665241
G76	G14	0.8364664549709392
G40	G25	0.836175719105167
G54	G23	0.835724709403836
G97	G25	0.835701765209136
G76	G99	0.8352739046079591
G83	G25	0.8350510170590341
G3	G59	0.835023491243788
G24	G92	0.8348474688736421
G24	G73	0.8347255347938191
G99	G23	0.8343784700929001
G55	G38	0.834315058292197
G67	G26	0.8341092070786491
G61	G14	0.8339345626550729
G28	G14	0.8337412335001171
G21	G99	0.833700235159501
G67	G59	0.8336779977309949
G5	G29	0.8336765380496379
G19	G25	0.833358753445542
G37	G14	0.833266949018432
G22	G8	0.8331693204563029
G21	G92	0.832977043754732
G70	G23	0.8324788544026321
G64	G31	0.8323381788981709
G74	G47	0.831107120831168
G44	G39	0.8307916881604741
G84	G16	0.830086776499995
G99	G80	0.829943430206203
G8	G73	0.829694228445369
G69	G92	0.8291876821865342
G34	G25	0.829040713750272
G54	G80	0.828792067393886
G85	G71	0.8287264571082321
G74	G23	0.8286436227695381
G59	G23	0.828436006628138
G29	G19	0.8284218128857671
G86	G25	0.8283639532868851
G67	G19	0.82832416995713
G58	G58	0.8282939072119408
G7	G99	0.8281275102567591
G41	G5	0.8280263250518441
G69	G99	0.827924416252538
G53	G26	0.827771423656779
G3	G39	0.8273496733303409
G72	G14	0.8270945181443229
G47	G19	0.827052584266657
G59	G80	0.826571243507439
G50	G39	0.8263613509163292
G29	G39	0.826340245807707
G7	G25	0.826002515775997
G38	G15	0.825930130875441
G36	G23	0.825682838443927
G89	G25	0.825356469482885
G63	G59	0.824958879267372
G67	G31	0.823750301442765
G47	G26	0.82372471539094
G70	G80	0.8233209005701201
G4	G59	0.823246682339345
G13	G17	0.8231275218937801
G76	G92	0.8224624537225121
G24	G99	0.822211250757485
G85	G63	0.82220841115347
G74	G17	0.821174815475847
G53	G31	0.8211507766329681
G24	G25	0.820920009072525
G36	G80	0.8204613144893509
G43	G20	0.8195584792036329
G56	G92	0.819537733286069
G61	G99	0.8194265267738791
G63	G39	0.819159049466605
G82	G58	0.8186499420138951
G53	G19	0.818042730964236
G21	G25	0.8177376056826541
G100	G14	0.817579925818971
G10	G29	0.8171986485638499
G58	G33	0.8169540479195891
G48	G99	0.8168210961391121
G61	G92	0.816511926629598
G6	G23	0.8157394075993749
G6	G47	0.8156905758585441
G46	G14	0.814978120466789
G96	G83	0.8145152771188431
G85	G1	0.814296435955501
G69	G25	0.814232064325896
G82	G31	0.8141018746239158
G28	G92	0.813814574739815
G86	G73	0.813778160373524
G55	G43	0.81355330194095
G67	G47	0.813203750260855
G37	G92	0.812847384193371
G56	G99	0.812820416119254
G55	G12	0.8127824850748829
G39	G82	0.8124126021396599
G87	G14	0.812119097820819
G4	G33	0.810022071608955
G74	G80	0.809840571986581
G53	G59	0.8097891319633579
G28	G99	0.8093025514666751
G39	G84	0.8091037262798529
G59	G14	0.8081815041863459
G73	G47	0.808082651411854
G72	G92	0.807798325515682
G6	G17	0.807754036540288
G58	G19	0.807248398054835
G37	G99	0.8068582306929789
G5	G3	0.806783836154058
G99	G14	0.806678790508178
G50	G66	0.8064640638578721
G46	G99	0.8062671680547059
G51	G66	0.8062470349562221
G76	G25	0.8062254614617289
G13	G23	0.8058258747864829
G82	G51	0.805276003108261
G56	G25	0.8052520274606558
G14	G73	0.805186567138245
G47	G31	0.805153696055606
G2	G58	0.8049112197270091
G72	G99	0.8047241686211529
G81	G99	0.804707508265153
G50	G47	0.804519560401054
G3	G82	0.804095552212368
G51	G23	0.803572517912122
G51	G39	0.8033000731890341
G81	G14	0.8029821195572591
G58	G26	0.8029492855062191
G9	G49	0.801741158541679
G61	G25	0.801406019052554
G54	G14	0.8007848009266489
G16	G29	0.799697387716271
G28	G25	0.799463011252972
G46	G92	0.799455112263049
G13	G80	0.79890669361079
G48	G14	0.798722292697391
G37	G25	0.798652517000368
G29	G59	0.7985601120119169
G87	G99	0.798025065558641
G56	G73	0.7977185393518621
G4	G19	0.7974460914096959
G100	G92	0.797328016691593
G4	G26	0.796937099946393
G6	G80	0.796919104390096
G2	G55	0.796717825107408
G25	G73	0.796486688540193
G44	G66	0.796473705644605
G84	G20	0.796402340888807
G53	G39	0.795965564239613
G36	G14	0.795543550425944
G83	G51	0.795412264552364
G87	G92	0.7951432820270992
G45	G73	0.7942499028107679
G72	G25	0.793417741233013
G29	G73	0.7932288519793381
G67	G39	0.7930184985899671
G52	G8	0.7929058342523492
G75	G73	0.792545352085624
G38	G84	0.7923536114186079
G30	G16	0.792014521494099
G63	G82	0.791835593914939
G16	G5	0.7911847783748159
G70	G14	0.791105288883246
G100	G99	0.7909535122718342
G31	G73	0.790609393338757
G48	G92	0.790248879001634
G81	G92	0.790206092544792
G53	G82	0.789183506929552
G37	G73	0.7889291041567159
G40	G73	0.7883881212675071
G3	G66	0.788068171230043
G64	G39	0.787974890537456
G59	G73	0.787009170853299
G99	G92	0.7867628473527271
G17	G73	0.786503932144925
G62	G58	0.786490360759534
G69	G73	0.7862568572409999
G39	G33	0.786210667487784
G59	G92	0.7861531474855881
G96	G55	0.7858526672072281
G92	G73	0.7850582991501892
G62	G15	0.784509664490138
G97	G73	0.784481070718277
G46	G25	0.784166396366522
G28	G73	0.7841657364858391
G58	G31	0.783870721018225
G100	G25	0.7834801693171569
G54	G99	0.783097809602852
G54	G92	0.7830898938622058
G2	G49	0.7825404904250991
G21	G73	0.782270750851787
G49	G51	0.78157926721524
G74	G99	0.781578591408244
G10	G3	0.7815060987318209
G4	G31	0.781458566256662
G39	G59	0.781377773266093
G38	G53	0.7813721274584541
G70	G99	0.781019533044935
G99	G99	0.780790787473363
G41	G16	0.78061016605355
G87	G25	0.780434475530483
G49	G44	0.780386702519965
G64	G66	0.780062786480369
G38	G18	0.7800365076041809
G63	G66	0.7798504794279442
G48	G51	0.779414527800742
G31	G97	0.778691103875976
G31	G44	0.7782310141402291
G25	G97	0.7780041104483059
G66	G73	0.7779913765764479
G29	G66	0.7772629104464741
G34	G73	0.776923114456672
G36	G92	0.7767665760246949
G14	G97	0.776761720347313
G83	G44	0.776211778945862
G100	G73	0.7759524618764371
G50	G23	0.775800820479297
G70	G92	0.775568929848794
G50	G17	0.775176020771935
G25	G44	0.7749879762991421
G66	G44	0.7748601713459801
G73	G15	0.774602911883537
G39	G26	0.774467489755774
G81	G25	0.7744409955617679
G26	G44	0.774213157473267
G59	G99	0.774139913255433
G48	G25	0.7732477743792919
G72	G73	0.773110458475488
G59	G25	0.7730946166580409
G99	G25	0.773090817689847
G36	G99	0.772956833612423
G66	G97	0.7728186650688141
G80	G44	0.77242739908704
G26	G73	0.772219047263032
G17	G97	0.7721769194514879
G13	G14	0.7715397368695781
G44	G17	0.7714990559863791
G51	G80	0.77113348812924
G89	G73	0.771127908736535
G49	G97	0.770940932818352
G26	G97	0.7708115878092758
G39	G19	0.770741818119462
G17	G44	0.770721567354009
G92	G97	0.7707041491028341
G31	G34	0.7703528578757081
G14	G44	0.7700007475009141
G33	G44	0.769897615912877
G25	G34	0.769588338572792
G6	G99	0.7695518797872679
G45	G97	0.769361821429441
G92	G44	0.769234855178793
G54	G25	0.7688781367640741
G14	G34	0.768276734458472
G2	G84	0.7674929912426579
G19	G44	0.767099783391169
G80	G97	0.767032310729812
G4	G84	0.7662679454755691
G55	G77	0.766060456452309
G82	G39	0.765880720550437
G51	G17	0.7657232249021558
G33	G97	0.7656084792449319
G3	G17	0.7654452768625949
G67	G66	0.765362842495125
G82	G66	0.7651751053057471
G75	G97	0.765093237586153
G99	G73	0.7646889992963259
G64	G23	0.764612175146201
G66	G34	0.7645970581447409
G33	G73	0.764473856668593
G47	G39	0.764140198362517
G51	G99	0.764045651934278
G45	G44	0.763944504577672
G17	G34	0.763872928320587
G55	G27	0.763457815600135
G39	G31	0.7633216425307241
G40	G97	0.763136351068171
G80	G73	0.7630584462275591
G36	G25	0.762983952135593
G49	G34	0.7629130558017742
G19	G51	0.7628679080455841
G26	G34	0.7626397554665459
G97	G97	0.7626171185533559
G92	G34	0.7624106074376691
G80	G51	0.76190284567573
G50	G80	0.7610880431040409
G45	G34	0.76098595533381
G70	G25	0.7608975696349509
G30	G20	0.760779268819308
G83	G97	0.7605876097736519
G53	G66	0.760385552178621
G74	G14	0.760054612068221
G19	G97	0.759631343895607
G64	G51	0.759574327508263
G29	G17	0.7591038096661991
G80	G34	0.7589345772268391
G43	G5	0.758771468121707
G75	G44	0.758700961747891
G61	G73	0.758646824916352
G74	G51	0.7583915251167719
G97	G44	0.758240704616687
G82	G23	0.7580330281562071
G26	G51	0.75797073623989
G63	G17	0.7576556334530291
G40	G44	0.757520246852604
G33	G34	0.757504350716126
G55	G91	0.757131311126371
G86	G97	0.756832306432104
G75	G34	0.7567336751796091
G34	G97	0.756499214060538
G33	G51	0.756408689540098
G49	G73	0.756134563235207
G5	G10	0.7556893548047
G7	G97	0.755372771618828
G13	G99	0.755200416193498
G40	G34	0.754813752297658
G13	G92	0.754651527739486
G66	G51	0.754559751267716
G97	G34	0.7543291101984521
G47	G66	0.753716241835537
G64	G84	0.7532029550376791
G89	G97	0.753080448129583
G74	G92	0.753034501057104
G83	G34	0.752815070899264
G34	G44	0.7526597817990279
G19	G34	0.751664864257489
G14	G50	0.7516063044291981
G24	G97	0.750784728900466
G31	G51	0.7506277679353259
G89	G44	0.750131770227523
G19	G73	0.7499644043246471
G25	G50	0.7495380606764251
G6	G51	0.7494737436447421
G41	G20	0.7493229937498291
G30	G5	0.7491484174085191
G7	G50	0.74873659323874
G47	G84	0.7483788352978009
G86	G34	0.7483125798750341
G34	G34	0.7482934005209542
G31	G50	0.7481548688198342
G5	G2	0.7476819336101569
G44	G23	0.747490412702409
G6	G14	0.7474085374732942
G7	G34	0.746613213506902
G21	G97	0.7465984944619849
G36	G73	0.746223985333229
G4	G39	0.7453578573413029
G64	G17	0.745197577492122
G24	G50	0.7450440087485508
G89	G34	0.7449262068729641
G62	G53	0.7449076909954541
G44	G80	0.7447616856348309
G69	G97	0.743597373642621
G45	G50	0.743422200249905
G58	G39	0.742697529407594
G17	G50	0.7426511632466499
G24	G34	0.742065264739605
G86	G50	0.741999371401997
G76	G44	0.7418859138367819
G62	G18	0.741564182844213
G31	G22	0.7414027766559259
G64	G80	0.741384677822983
G92	G50	0.74124975251672
G13	G25	0.740908593242425
G25	G22	0.740786017488143
G6	G92	0.740731426362323
G17	G51	0.740569651708664
G96	G49	0.740358010178835
G66	G50	0.740327510127662
G75	G50	0.740182138498127
G25	G51	0.740151160129596
G14	G22	0.7398829335303231
G8	G15	0.7393756424424949
G86	G44	0.739375615612144
G67	G17	0.739235706527254
G92	G51	0.7390309006677641
G87	G73	0.738870064241089
G21	G34	0.738354748095529
G54	G73	0.7382563007815891
G39	G47	0.737933259557286
G53	G17	0.7376667826443191
G38	G33	0.737575775878317
G40	G50	0.7375536052974909
G26	G50	0.7371339585499441
G21	G44	0.7370839549997121
G76	G51	0.73670116084511
G74	G25	0.7365585861963159
G97	G50	0.735922216365691
G56	G97	0.735885161417382
G47	G23	0.735619603207952
G66	G22	0.7356190091918678
G69	G34	0.735314361483521
G17	G22	0.7351930731801439
G76	G97	0.7349456642060078
G3	G80	0.734873891361964
G58	G66	0.7344477639229269
G3	G23	0.734066314419111
G92	G22	0.7337779278865559
G26	G22	0.733568346750792
G49	G52	0.733332484622889
G49	G22	0.733240365858652
G38	G82	0.733183797495607
G39	G39	0.733129508874627
G45	G22	0.7327759047102679
G49	G50	0.73191612446968
G80	G50	0.731737942708514
G61	G97	0.731510951021116
G5	G71	0.731446047830384
G69	G44	0.7314273625455551
G33	G50	0.7312826127768008
G83	G52	0.730752259814343
G50	G99	0.730525442435527
G28	G97	0.7304212674859971
G82	G80	0.730180428662667
G37	G97	0.7298167877737359
G4	G66	0.729786962735386
G80	G22	0.7297799009982249
G34	G50	0.7296334028550501
G48	G44	0.7294327957953629
G10	G2	0.7293275303462009
G83	G73	0.7291700121855441
G31	G52	0.729131255237614
G75	G22	0.72876938752482
G7	G44	0.728604374712653
G33	G22	0.728493007609832
G73	G18	0.728362053301784
G82	G17	0.728171680483928
G46	G73	0.727556781764119
G56	G34	0.727543947063179
G76	G34	0.7272048844408481
G38	G26	0.72720126765193
G63	G80	0.726951288086894
G55	G83	0.726868147008302
G40	G22	0.726813481788846
G66	G52	0.726507189531396
G76	G73	0.726364632774209
G3	G73	0.726249713083725
G26	G52	0.7262167397140831
G97	G22	0.726208334498976
G44	G14	0.726179172845066
G10	G10	0.726080668884485
G63	G23	0.725696619138873
G89	G50	0.7255949491462159
G25	G52	0.725572228677783
G21	G50	0.725237718696556
G61	G44	0.7250902604070041
G80	G52	0.724963858931925
G72	G97	0.7247679103203921
G69	G50	0.7246303976553191
G67	G23	0.7246179280475848
G14	G51	0.7245791959920039
G6	G25	0.724467730260119
G29	G14	0.724243469390047
G64	G99	0.7237472560749051
G3	G14	0.7236663598643349
G38	G59	0.7236613154016079
G56	G50	0.7236210592994909
G61	G34	0.723474483909452
G24	G44	0.7231858384841341
G83	G22	0.7229381620660709
G19	G50	0.722781897923489
G19	G22	0.722579819097243
G63	G73	0.7225781918656351
G45	G51	0.722420468874942
G33	G52	0.722379645026458
G28	G34	0.7221820819274641
G17	G52	0.7219048099359799
G86	G22	0.7217647768999709
G37	G34	0.721542791037002
G38	G19	0.7214545872199499
G73	G53	0.7212171029991551
G47	G17	0.7211330277440541
G7	G22	0.7209426510098029
G92	G52	0.7205012294739741
G19	G52	0.720437732908069
G34	G22	0.720379031540987
G50	G14	0.7201123345111958
G14	G52	0.7201019488650559
G97	G51	0.7200257517720501
G62	G82	0.720015347137838
G29	G80	0.719979766200539
G82	G99	0.7195346350660621
G73	G33	0.719518710921869
G31	G45	0.7194574802652429
G58	G23	0.719396437853542
G25	G45	0.7189262934550941
G38	G31	0.718838288119754
G81	G51	0.718226375845342
G14	G45	0.718017646518613
G67	G80	0.7179989249528811
G8	G39	0.717829052843872
G29	G82	0.717647757660022
G5	G1	0.717426008374672
G89	G22	0.7170562594267429
G8	G31	0.7169963303860609
G37	G50	0.716913162850896
G24	G22	0.7166588633964079
G72	G34	0.716633229973591
G63	G14	0.716619412379784
G83	G50	0.7165790606456091
G56	G44	0.71653515440006
G89	G51	0.716164364509196
G34	G51	0.716134917248314
G64	G47	0.7161162280670641
G100	G97	0.7160170742086729
G5	G63	0.7159179969147609
G28	G50	0.715693309884943
G40	G51	0.7156537080595601
G38	G47	0.715471114782795
G81	G44	0.7153360717785691
G46	G97	0.715331622243421
G47	G80	0.71517965497011
G45	G52	0.7146812363242621
G46	G44	0.714523634566025
G75	G51	0.7144470953568859
G9	G15	0.714414571367798
G28	G44	0.714050859576051
G8	G33	0.71391676374187
G66	G45	0.713869801521444
G58	G84	0.7135206952276221
G17	G45	0.7134738669386309
G4	G47	0.7130182928232809
G73	G31	0.7125011093404708
G87	G97	0.7123689902478699
G92	G45	0.71210463494901
G26	G45	0.7119225362933241
G49	G45	0.711675566813365
G73	G26	0.7115068309797521
G37	G44	0.7114664743098391
G21	G22	0.7113985099785359
G62	G84	0.7112870680105241
G49	G48	0.711241144589123
G45	G45	0.711099143458636
G83	G48	0.7109828343014329
G29	G23	0.710963051627099
G50	G92	0.710814037856425
G70	G73	0.710407204662364
G72	G44	0.7104041893539229
G53	G23	0.710344544518481
G58	G51	0.7102528754489671
G39	G66	0.7102101801206501
G47	G51	0.7101548725596851
G53	G80	0.709814307049894
G13	G73	0.7096472020259941
G97	G52	0.709588680623399
G75	G52	0.70954646590305
G69	G22	0.7086886673472079
G40	G52	0.708628979895083
G72	G50	0.7085248638377308
G80	G45	0.708283260662241
G61	G50	0.7079615365077031
G100	G34	0.707867041122485
G46	G34	0.7076579284508041
G8	G26	0.70751906105721
G44	G92	0.707263637493764
G75	G45	0.707204006915611
G59	G97	0.7070864778700321
G33	G45	0.707041442089181
G99	G97	0.706507732365854
G47	G47	0.706345708032994
G16	G3	0.7061804523534301
G87	G44	0.7061480180194999
G10	G71	0.7060729348264979
G81	G97	0.7057978743525479
G4	G23	0.7057530914602791
G40	G45	0.7053413032014799
G31	G90	0.7052605915848901
G97	G45	0.7047833887918741
G87	G34	0.704540187164644
G34	G52	0.7044615558632199
G49	G90	0.704202842453212
G100	G50	0.703984008275319
G31	G48	0.7035661186869051
G48	G97	0.7035384206829151
G25	G90	0.7030559074306411
G7	G41	0.702446459536386
G51	G92	0.702391703516637
G89	G52	0.7022697024141391
G26	G48	0.7021510096303759
G54	G97	0.702084476288259
G59	G50	0.702004142649201
G56	G22	0.7019895223015911
G58	G17	0.701925578575394
G66	G48	0.701922718791617
G83	G45	0.701730527419408
G3	G92	0.701668069802876
G80	G48	0.701624600902452
G66	G90	0.701438168032829
G19	G45	0.701323685055806
G26	G90	0.7004350839440739
G4	G17	0.700413140207885
G86	G45	0.700273850892272
G14	G90	0.699685643148247
G24	G41	0.6996222172766889
G76	G50	0.6995180056006689
G7	G45	0.6994273186341539
G25	G48	0.699188440954729
G34	G45	0.699107855944318
G73	G39	0.699038747622745
G76	G22	0.699033496130484
G44	G99	0.698948727375989
G59	G34	0.69884339351115
G74	G44	0.6988286720090021
G33	G48	0.6987662142845811
G17	G90	0.6987409663570361
G44	G73	0.6985550914729589
G83	G90	0.6985427511678511
G99	G34	0.698462520551318
G81	G34	0.698400718532979
G80	G90	0.698185757314889
G19	G48	0.698033735579121
G58	G80	0.697854611878377
G85	G11	0.69750541312769
G92	G90	0.697387562543865
G100	G44	0.697297257171439
G36	G97	0.6970221754344499
G61	G22	0.6967007457764139
G51	G14	0.696686481203587
G76	G52	0.6966672953565
G48	G34	0.6965662493354461
G28	G22	0.696467450042209
G33	G90	0.6962404050006551
G17	G48	0.6962337705157701
G53	G14	0.6960884100145389
G37	G22	0.6960765480789051
G50	G25	0.6960581894888059
G73	G19	0.695910876661533
G89	G45	0.695885376808526
G9	G82	0.6957958051718279
G29	G92	0.6957298666476489
G47	G99	0.6955075118837399
G24	G45	0.6952586186890639
G44	G25	0.695248280388359
G10	G63	0.694992575362594
G92	G48	0.6948552425171539
G63	G92	0.6945214430617299
G99	G50	0.694327674736
G54	G34	0.694283862833292
G70	G97	0.694245153758447
G62	G33	0.6941981278233179
G73	G73	0.69395061538114
G45	G90	0.693782793607862
G51	G84	0.693517089628625
G10	G1	0.69306020580992
G19	G90	0.692738769074239
G51	G44	0.692608582753715
G14	G48	0.692577466788504
G67	G14	0.6924819423455121
G38	G39	0.692289702162435
G54	G44	0.6921563280018841
G8	G18	0.6918565412571209
G70	G44	0.691831248371489
G72	G22	0.69093957742084
G14	G41	0.6908551917745739
G3	G25	0.690735458526189
G62	G59	0.690708103920587
G21	G45	0.690295337048105
G4	G80	0.6900647495207329
G81	G73	0.6899439263603521
G86	G41	0.689608161751571
G87	G50	0.6895095132405239
G75	G90	0.6893158562054859
G36	G34	0.6891961970769289
G48	G52	0.6890802615130479
G86	G52	0.689036096577162
G21	G52	0.688573737835636
G99	G44	0.6884208385183139
G97	G90	0.6882856801397471
G6	G44	0.6882695241347221
G40	G90	0.6880079384732071
G45	G48	0.6877895346260899
G46	G50	0.687775480925938
G46	G51	0.687715951707106
G69	G45	0.6876670046782171
G16	G2	0.68681605371421
G53	G73	0.686811750076867
G29	G25	0.6867426371633969
G70	G34	0.686733667238338
G82	G84	0.6866006475534351
G91	G16	0.6865816406206259
G25	G41	0.686350538807444
G55	G55	0.685780716342667
G3	G99	0.684974394378495
G64	G14	0.6849405581625071
G39	G17	0.6848081530352139
G21	G51	0.684260988452458
G90	G8	0.683944080083438
G62	G26	0.683800311275997
G63	G25	0.683781489900996
G51	G25	0.6835734909058822
G64	G92	0.68345217435892
G97	G48	0.683262165209408
G31	G41	0.683204288042375
G34	G90	0.683071994427947
G100	G22	0.682926986968638
G54	G50	0.682830747484065
G69	G52	0.682703270701116
G8	G19	0.6826949022621639
G75	G48	0.6824561838624731
G45	G41	0.682447233372346
G9	G53	0.6824332432406
G36	G50	0.6822668403694471
G36	G44	0.682136061501873
G40	G48	0.681869393787954
G61	G51	0.681458251876348
G46	G22	0.681157788623205
G56	G45	0.6810381391998079
G51	G47	0.680893854229538
G59	G44	0.6808487891048239
G58	G99	0.6808410604657221
G62	G19	0.680700041756714
G89	G90	0.680500088487002
G75	G41	0.680197952043756
G43	G29	0.679659547530506
G67	G99	0.6792417173352959
G17	G41	0.678920047774065
G20	G16	0.6788368974618321
G50	G51	0.678635995224496
G34	G48	0.67850186944195
G87	G22	0.678500805561464
G76	G45	0.6784998483342191
G61	G52	0.67799437165072
G67	G92	0.677744207939855
G92	G41	0.6776689019907322
G58	G47	0.6773548748351159
G8	G53	0.6772654602970221
G40	G41	0.6772595858024829
G63	G99	0.6769538088006629
G7	G52	0.6768789548979061
G89	G48	0.6766807015967861
G9	G18	0.6765028097192399
G13	G97	0.676498244832969
G39	G23	0.676489412998155
G53	G92	0.676219897720715
G61	G45	0.67611323253546
G28	G45	0.675755367029263
G37	G45	0.6753301994314809
G86	G90	0.675184309277665
G11	G16	0.6750257923658041
G59	G22	0.67494306860106
G97	G41	0.674897552217114
G76	G48	0.674812909881115
G66	G41	0.674314950342367
G48	G48	0.6743128595533511
G56	G41	0.674171394378921
G99	G22	0.6738062682327091
G62	G31	0.673788594578014
G81	G52	0.672310002059595
G2	G47	0.671919206273229
G24	G52	0.6716418147665861
G69	G51	0.671087015961964
G81	G22	0.671019780257405
G21	G90	0.670656467228208
G26	G41	0.6704535819741091
G72	G45	0.6704044543788771
G69	G41	0.670134379408612
G76	G90	0.6700003780827221
G74	G97	0.669879511389659
G46	G52	0.6692977602921509
G81	G50	0.669258505443656
G13	G34	0.668994003675634
G54	G22	0.6689730321655191
G70	G50	0.668861467862423
G55	G49	0.6688137144598431
G21	G41	0.6687880522148989
G34	G41	0.668765906678532
G51	G48	0.668358156464969
G7	G90	0.6681750221362779
G55	G58	0.6681278401421871
G82	G92	0.667909249606054
G39	G80	0.667757322382561
G48	G22	0.667731623446023
G13	G44	0.667633078577772
G38	G66	0.667519741056405
G37	G41	0.6674221184617349
G2	G15	0.66740285157029
G56	G52	0.6671948907895761
G64	G25	0.6671717419914829
G69	G90	0.666321051473711
G82	G47	0.6659228904793829
G4	G99	0.66562303234763
G28	G52	0.665499762203232
G67	G25	0.6652607008804289
G53	G25	0.665250654390669
G51	G52	0.664950114804446
G28	G41	0.664930995462597
G82	G14	0.664884342920338
G36	G22	0.66459550501815
G47	G14	0.664559269066327
G33	G41	0.6645180094165329
G89	G41	0.6644721888721271
G80	G41	0.664171558638163
G73	G59	0.6640669164103079
G86	G51	0.6637360750178499
G24	G90	0.663540312421191
G87	G51	0.663523417517832
G53	G99	0.663346403625003
G74	G34	0.663315667757574
G37	G52	0.662632976908715
G100	G45	0.662576443865806
G72	G52	0.662507351601354
G49	G41	0.6614225641202729
G47	G92	0.661352774825661
G70	G22	0.66110142087264
G74	G52	0.661026779605
G21	G48	0.661019709511905
G70	G51	0.660967810417254
G46	G45	0.660938362096084
G87	G52	0.660249322983754
G29	G99	0.659897161959053
G91	G20	0.659752602338579
G31	G57	0.65958218071964
G59	G41	0.6594615127580401
G6	G97	0.658823453914135
G61	G90	0.658797602702415
G86	G48	0.658666248354437
G49	G57	0.658577744409141
G9	G58	0.6584524881897629
G87	G45	0.65841658615135
G49	G88	0.6576361727034119
G25	G57	0.657526787429145
G13	G50	0.657437133796398
G72	G41	0.6569853177228461
G29	G50	0.656170001537814
G66	G57	0.6560046859233779
G100	G41	0.655932071146803
G83	G88	0.6557544915549101
G73	G66	0.6553303111496429
G96	G15	0.655205671551833
G26	G57	0.6550643940961651
G56	G90	0.655059134266852
G59	G45	0.654764858171471
G19	G41	0.6545231166561469
G14	G57	0.6543791989376451
G69	G48	0.654377634497322
G99	G45	0.653731101362537
G17	G57	0.6534875329762879
G8	G66	0.653341339050467
G88	G16	0.653288609045216
G83	G57	0.653275150598367
G31	G88	0.653183933740931
G80	G57	0.6529600030158871
G48	G90	0.6529411965660661
G48	G50	0.652780589427209
G20	G20	0.652668738358916
G6	G34	0.6523815926555121
G92	G57	0.652222738194734
G81	G48	0.652140534705006
G61	G48	0.6518623808059761
G28	G90	0.651852169323097
G81	G45	0.65135789158468
G50	G44	0.6512207022938871
G6	G52	0.6512173282111179
G33	G57	0.651140847314479
G66	G88	0.6510016269637651
G64	G44	0.650998864896032
G61	G41	0.6509362913664429
G26	G88	0.650833191523899
G82	G25	0.650688765211504
G82	G44	0.650482008130619
G37	G90	0.6501184634363231
G80	G88	0.649830832618179
G25	G88	0.649785755389419
G62	G47	0.6493414750384731
G100	G52	0.6492563236937421
G54	G45	0.6491502450551629
G4	G14	0.648916410381031
G45	G57	0.648858001339852
G11	G20	0.6487460412864721
G48	G45	0.6482986737067901
G74	G48	0.648254313000579
G72	G90	0.6479331532274449
G19	G57	0.647861797784641
G70	G52	0.6476760483577011
G46	G90	0.647627337411868
G33	G88	0.647446153116619
G8	G17	0.647328900882755
G62	G39	0.646800071892916
G99	G41	0.6467159587790771
G17	G88	0.646627514457975
G54	G52	0.6463604170531351
G47	G25	0.6461142707320601
G19	G88	0.645927691771816
G46	G48	0.645613658040926
G58	G14	0.64559750084191
G60	G16	0.6453971529099549
G92	G88	0.645361341234865
G81	G90	0.645099169155014
G38	G17	0.645066473172058
G31	G13	0.64504368865366
G36	G45	0.644843900284347
G75	G57	0.644683330665762
G14	G88	0.6446319276208891
G13	G22	0.644576291541415
G72	G51	0.64429836014947
G48	G73	0.6439824552041961
G58	G92	0.643764047007048
G31	G40	0.643720027854092
G97	G57	0.6437157861746889
G40	G57	0.643458491268776
G7	G48	0.6434271458916949
G25	G13	0.643387100189032
G25	G40	0.6433405755860521
G83	G41	0.6430761185140029
G49	G13	0.642722341826329
G14	G40	0.6426120493001889
G4	G92	0.642286951299129
G28	G51	0.64207279814824
G87	G90	0.641566766480032
G70	G45	0.6415055616569959
G66	G13	0.6412260386545561
G73	G17	0.641116882501087
G99	G52	0.641048663215319
G14	G13	0.640786415132077
G26	G13	0.640113971496963
G45	G88	0.6398642067131459
G29	G41	0.639655833341916
G39	G14	0.639597373259431
G31	G96	0.639527986663598
G4	G51	0.639517489891333
G54	G51	0.639415638580102
G49	G96	0.6393112677454029
G17	G13	0.639213495834333
G16	G63	0.6390246115613921
G6	G48	0.6389259414946121
G34	G57	0.6388387936293771
G66	G40	0.6386661604039959
G17	G40	0.63840793053096
G24	G48	0.6381153924609809
G92	G13	0.6379934757029371
G80	G13	0.6378227621423841
G25	G96	0.637372339660905
G100	G90	0.637364429351798
G92	G40	0.637188902649636
G26	G40	0.6368974726367901
G56	G48	0.636866055743269
G83	G13	0.6367221954810021
G49	G40	0.6365282672422529
G89	G57	0.636433773370086
G45	G40	0.636388540900772
G66	G96	0.63624236871662
G28	G48	0.636241101921455
G33	G13	0.6361624920680411
G56	G51	0.6360250014740839
G36	G52	0.6359645204160072
G44	G97	0.635637925857523
G26	G96	0.6354444495599461
G74	G22	0.635408213510762
G78	G8	0.6353769749642609
G97	G88	0.6353644841113171
G39	G99	0.635272709566979
G45	G13	0.635242243445051
G3	G50	0.635226203898218
G75	G88	0.635187778755044
G87	G48	0.6347623577701421
G83	G96	0.634626316328426
G8	G41	0.634471751743516
G40	G88	0.634417606727594
G9	G59	0.634219741122564
G72	G48	0.6340637117354571
G14	G96	0.6340471199551421
G87	G41	0.633961526324648
G50	G97	0.633785882588241
G37	G51	0.63377612968206
G76	G41	0.6337544354468639
G80	G40	0.6336090308154761
G17	G96	0.633561543948025
G80	G96	0.6335516157190251
G85	G60	0.633326941186192
G36	G41	0.6332998206117739
G67	G73	0.633147300888008
G75	G40	0.632934458049717
G96	G58	0.632767580383793
G37	G48	0.632749139353434
G19	G13	0.6325410987079809
G33	G40	0.632521257286076
G3	G97	0.6324101159972729
G92	G96	0.632332370407907
G59	G52	0.632193802974819
G49	G100	0.6321899154980811
G8	G14	0.631857948814339
G33	G96	0.63171757579808
G86	G57	0.631482185534723
G75	G13	0.6313075314827099
G55	G84	0.631288042600513
G40	G40	0.631253609740822
G34	G88	0.6308131659070749
G97	G40	0.630725917211098
G29	G97	0.630540814854146
G54	G41	0.6304556379444921
G38	G23	0.630118096967311
G97	G13	0.63006808379046
G63	G50	0.6300657251317939
G54	G90	0.6300276094590109
G40	G13	0.629994011431153
G31	G100	0.629605815751324
G83	G100	0.62933978539948
G85	G4	0.629136027220263
G99	G90	0.629103815383361
G89	G88	0.628904432882306
G45	G96	0.628774672095861
G19	G96	0.628769315202829
G58	G25	0.6285891510655229
G4	G25	0.628485148073562
G46	G41	0.6283583864905009
G44	G34	0.628317368875401
G44	G50	0.628175843744894
G2	G18	0.628063046009285
G88	G20	0.627885876704864
G39	G92	0.6278813650247099
G70	G90	0.627506737817418
G83	G40	0.627481535729683
G19	G40	0.6273294638857579
G50	G34	0.6273015336186409
G21	G57	0.6272398507218471
G66	G100	0.6270901040701421
G62	G66	0.6270352672649039
G86	G40	0.6269856499791179
G25	G100	0.626752025604619
G26	G100	0.6266796244043
G76	G57	0.626601466551202
G7	G40	0.626495185517682
G63	G97	0.626127484525937
G7	G51	0.625931610662454
G34	G40	0.625628623623028
G38	G80	0.6255284216775501
G13	G45	0.625446558724853
G80	G100	0.6254010898209239
G34	G13	0.625232447255706
G7	G57	0.624947623615514
G6	G22	0.6248381930128779
G3	G34	0.624776492739326
G59	G90	0.624717656717991
G75	G96	0.6246502525698989
G76	G88	0.6245561092894921
G47	G44	0.624304928952603
G74	G90	0.624238050427353
G16	G71	0.624109870544559
G70	G48	0.624098516096066
G97	G96	0.6238837520976309
G96	G53	0.623850335237052
G2	G53	0.623732021483266
G13	G52	0.623571717261073
G40	G96	0.623532993102936
G17	G100	0.623437885595779
G33	G100	0.623259704066115
G69	G57	0.623190394503178
G82	G48	0.623021427900184
G89	G13	0.622783401725577
G24	G40	0.622773758121952
G82	G52	0.622737222902589
G89	G40	0.6227302817820479
G36	G90	0.6225298114116711
G14	G100	0.622398485587732
G29	G34	0.622366098082602
G92	G100	0.62223278251147
G9	G33	0.622119015872349
G43	G3	0.62191245762888
G19	G100	0.6212669730469821
G24	G57	0.6206122444238289
G54	G48	0.6200510496097261
G60	G20	0.6198685356164111
G86	G13	0.619855689855001
G96	G18	0.619854172203353
G64	G52	0.619721163345446
G100	G48	0.619652944796148
G8	G59	0.61953098867038
G34	G96	0.619185770537514
G48	G88	0.6190670382092621
G100	G51	0.618846045869646
G16	G10	0.61880125320184
G60	G5	0.61867061807196
G13	G51	0.618582901282204
G63	G34	0.618550014588999
G24	G51	0.6184428112753501
G51	G97	0.6183721735456309
G96	G82	0.6181275793809089
G21	G40	0.617889076753051
G74	G50	0.617799653859561
G45	G100	0.617615572929397
G74	G45	0.6169714472521579
G89	G96	0.6169123755738131
G21	G88	0.6161660034797359
G61	G57	0.6161484316076171
G86	G88	0.6160547799725811
G36	G51	0.615886175015186
G16	G1	0.61582970045124
G39	G25	0.6158146805508891
G69	G40	0.615613220449065
G44	G44	0.6154226121287729
G7	G13	0.6148061570905121
G21	G13	0.614713347776543
G8	G50	0.6146674656958211
G2	G33	0.614627234943466
G6	G90	0.614502561814873
G64	G48	0.6142060759079351
G50	G52	0.613879158852006
G73	G14	0.613587083642371
G51	G34	0.613402208726573
G75	G100	0.61328759143231
G85	G9	0.613216464935625
G97	G100	0.613084445535804
G30	G29	0.6130212899724801
G9	G19	0.612984237826636
G56	G57	0.6126644955281421
G40	G100	0.6123966932693149
G5	G11	0.612319190872166
G70	G41	0.612313244234084
G58	G44	0.612167329798031
G9	G26	0.612076471279333
G99	G51	0.6119071545764599
G99	G48	0.611906415250743
G76	G13	0.61189073805282
G69	G13	0.6111173214449069
G86	G96	0.6110198143463579
G69	G88	0.6107093687363471
G24	G13	0.6106423564689529
G48	G57	0.6106215961297671
G31	G76	0.610272472802173
G56	G40	0.6098198661434561
G28	G57	0.609664905636499
G49	G76	0.609501137218084
G53	G97	0.608698378445856
G34	G100	0.6086175657091459
G25	G76	0.608382188060676
G36	G48	0.608369433830398
G76	G96	0.6081105898667479
G37	G57	0.608046119630667
G21	G96	0.607485527539245
G13	G90	0.6074780911149711
G53	G50	0.607415352813609
G67	G97	0.607304103181582
G2	G26	0.607219028499674
G66	G76	0.606989504790921
G76	G40	0.606951486299975
G61	G88	0.606865242165989
G6	G50	0.6067811623403521
G6	G45	0.6067131280550029
G89	G100	0.6066461358348921
G44	G22	0.606549683491814
G13	G41	0.606537778077973
G2	G31	0.606355008608639
G26	G76	0.6061567759226999
G72	G57	0.6059976339374878
G46	G57	0.6056850189201151
G64	G97	0.605469787332737
G14	G76	0.6054303121431
G73	G80	0.6052407229479929
G61	G40	0.60515826944011
G28	G40	0.6050537637037869
G38	G14	0.6049046722403411
G51	G90	0.604814931914727
G37	G40	0.604713088800872
G83	G76	0.604669460280443
G17	G76	0.604647274747715
G7	G88	0.604457495916246
G62	G17	0.604434602448088
G29	G22	0.604428609956148
G81	G41	0.604407228309435
G80	G76	0.6042350033564791
G3	G22	0.6041309622308559
G7	G96	0.603981616654333
G84	G3	0.6038325698884
G61	G13	0.603511033239361
G92	G76	0.603474545313523
G69	G96	0.6033677792960369
G81	G57	0.603315192011313
G81	G88	0.6028757892594151
G3	G41	0.602589239118405
G33	G76	0.6025565371117629
G91	G5	0.602311008775452
G74	G73	0.60177430162449
G50	G22	0.601773323585063
G56	G13	0.601731653761356
G53	G34	0.6015178560497679
G76	G100	0.600815620068577
G67	G44	0.60077464920986
G51	G88	0.6007630612012679
G3	G44	0.6006912375885171
G67	G34	0.6006234305555871
G59	G48	0.600410311036063
G45	G76	0.600309870641751
G72	G40	0.600221102123759
G87	G57	0.600034901848322
G64	G34	0.599932247530865
G9	G31	0.599744580250116
G24	G88	0.599724139865184
G24	G96	0.599722159745396
G19	G76	0.5995543719138641
G46	G88	0.599544771559367
G63	G41	0.598564115459829
G28	G13	0.598457506057073
G50	G48	0.5984513324544479
G13	G48	0.598394749302062
G63	G22	0.598245559031644
G62	G23	0.597692875226907
G37	G13	0.597143458914249
G61	G96	0.596966888732672
G86	G100	0.5967128752239079
G75	G76	0.5964281873646861
G56	G88	0.596352159649941
G100	G57	0.5961218647013989
G50	G73	0.5959557167469269
G84	G10	0.595793986186369
G2	G19	0.5957289539092641
G97	G76	0.595593606679478
G21	G100	0.59553120949065
G8	G80	0.5953753371345429
G40	G76	0.595325214194136
G28	G88	0.5950037333648511
G5	G4	0.5948824499735059
G4	G44	0.5948257960908649
G15	G16	0.594661296355178
G72	G13	0.5946170143510091
G73	G23	0.594504027458537
G74	G88	0.5941143297690761
G48	G96	0.594015851823246
G48	G13	0.5937816303959411
G2	G39	0.593754633550773
G43	G2	0.593635781769377
G85	G12	0.593421202650396
G63	G44	0.593365838759
G100	G40	0.593328583278412
G50	G50	0.593201129258228
G31	G98	0.593080837686274
G8	G92	0.593051247086621
G47	G52	0.592925259066718
G49	G98	0.5928399529611851
G56	G96	0.592617226664175
G10	G11	0.592465506383698
G72	G88	0.5924591844094621
G46	G13	0.592445078895031
G48	G100	0.592352769924342
G37	G88	0.592302236156481
G38	G92	0.591389997666801
G46	G40	0.591371581332185
G25	G98	0.591091840053879
G34	G76	0.5910738394726321
G87	G88	0.59097689189823
G69	G100	0.590724355845824
G38	G99	0.5900828858625999
G66	G98	0.5900311434797271
G28	G96	0.589934700378731
G62	G80	0.5897181885666429
G8	G25	0.589614574003275
G87	G40	0.5893191873305881
G6	G73	0.5893049750428471
G26	G98	0.5892818588365429
G82	G97	0.589279110262211
G54	G57	0.589247143950216
G67	G50	0.588902276153727
G81	G13	0.588855659366843
G89	G76	0.588847253552652
G83	G98	0.5884782676571879
G44	G45	0.588417786897829
G99	G57	0.5883978076338431
G37	G96	0.5882076237594399
G14	G98	0.5880123347632161
G85	G43	0.5879884637911921
G44	G41	0.5877753491786409
G87	G13	0.587762345534695
G73	G92	0.587549042468145
G17	G98	0.587548886938888
G80	G98	0.587530884256013
G46	G96	0.587209549520434
G7	G100	0.5871946958103629
G70	G57	0.586874404008615
G47	G97	0.5868450386992701
G59	G40	0.586534050441849
G72	G96	0.586523052002594
G92	G98	0.5864140690352111
G61	G100	0.586083256939101
G3	G45	0.586000497361896
G71	G16	0.585946279227167
G29	G45	0.585936250914198
G33	G98	0.585822707711514
G81	G96	0.5857116749147839
G100	G13	0.5855713617230041
G99	G40	0.585411801658099
G47	G48	0.585351504737928
G6	G88	0.585348467851287
G50	G90	0.584524212289186
G82	G34	0.584333956237361
G59	G57	0.584307976299302
G50	G45	0.584263345246332
G86	G76	0.584061528473461
G85	G38	0.584026403186105
G74	G57	0.5837778345843361
G45	G98	0.5831315323894211
G19	G98	0.583082172698261
G51	G22	0.583058602452971
G24	G100	0.582741890841134
G53	G44	0.5826701500710301
G81	G40	0.582638450979489
G58	G52	0.582439207631786
G36	G57	0.582234720642701
G87	G96	0.5813369392997729
G47	G34	0.5813035299110689
G53	G22	0.581297251789583
G54	G40	0.5811130668594671
G59	G51	0.5810020911429721
G38	G25	0.58061157947649
G73	G25	0.580383260041934
G63	G45	0.580283436683158
G100	G88	0.580272862566519
G21	G76	0.5802200114169711
G70	G88	0.580027974421322
G76	G76	0.579871926635687
G73	G82	0.57974814775451
G81	G100	0.5795475501593511
G48	G40	0.579487484360416
G75	G98	0.5793166147962441
G96	G59	0.579071442352647
G5	G60	0.5789187196687691
G9	G84	0.578816184346285
G97	G98	0.578588387505687
G67	G22	0.578587750714197
G54	G88	0.578284273938719
G40	G98	0.578272297969048
G56	G100	0.578073357491827
G46	G100	0.5780350424321851
G99	G13	0.577976910199018
G7	G76	0.577884813325771
G31	G46	0.577833336227335
G48	G41	0.577791217965313
G54	G13	0.577676815510251
G36	G40	0.57733817975421
G30	G3	0.577308126903307
G25	G46	0.5768186207292011
G58	G48	0.576679198318986
G100	G96	0.576611618364759
G69	G76	0.576449767488122
G28	G100	0.5763092879527011
G64	G90	0.5757633943236171
G96	G33	0.5755874406663221
G14	G46	0.5754360975674639
G59	G13	0.575056708211073
G2	G59	0.5749666032851171
G6	G57	0.574674012771045
G84	G29	0.5743860036259599
G70	G13	0.574314210288237
G34	G98	0.5742323161510129
G70	G40	0.5740553051713921
G37	G100	0.574053041985273
G55	G15	0.574033239985406
G24	G76	0.5738715903350879
G66	G46	0.573775154427848
G20	G29	0.573689516864501
G72	G100	0.573529062537644
G49	G46	0.573368707425901
G29	G44	0.573125800926838
G53	G41	0.572962511046162
G99	G88	0.572945132244888
G17	G46	0.5727885748759611
G64	G22	0.572744461282598
G26	G46	0.572443948113979
G11	G5	0.572387906058698
G44	G52	0.572195883492971
G89	G98	0.572129811444724
G4	G97	0.571785856762998
G92	G46	0.571659101104314
G15	G20	0.571554401129194
G36	G13	0.571362199566278
G8	G23	0.570902952042391
G87	G100	0.5707766781985799
G82	G90	0.570645673602437
G54	G96	0.5706119723051529
G58	G97	0.5705874239490419
G9	G39	0.5703770142221679
G45	G46	0.5701094809437951
G61	G76	0.570008949204848
G80	G46	0.569814668093176
G99	G96	0.569159783209607
G70	G96	0.5688538140989671
G36	G88	0.568679143598595
G33	G46	0.568641765130235
G41	G3	0.568324941262912
G74	G96	0.568201989711945
G13	G57	0.5681583356039549
G74	G100	0.567845892964765
G2	G73	0.567618965478011
G41	G29	0.567309450624236
G74	G13	0.567195357478523
G75	G46	0.5667688230479361
G86	G98	0.566706456230885
G96	G26	0.566697037516455
G51	G100	0.5666720026143129
G56	G76	0.566602257743954
G51	G45	0.566571375858136
G83	G46	0.566502959437231
G4	G34	0.5660628713405171
G96	G19	0.5656486522021701
G51	G57	0.565549779926077
G40	G46	0.5654056013183221
G48	G76	0.565311979393376
G58	G34	0.565297266474193
G96	G84	0.565259542964515
G97	G46	0.565185452438967
G39	G73	0.5646267267641151
G19	G46	0.564622993691345
G59	G96	0.564590664250095
G59	G88	0.5644434704120289
G31	G62	0.5642719856762121
G62	G14	0.564270015950753
G31	G89	0.5642235468085111
G25	G62	0.5640488388875251
G76	G98	0.5639487574235389
G28	G76	0.563873623353581
G53	G45	0.563863814415985
G44	G90	0.5636418351907441
G14	G62	0.5636355376868349
G25	G89	0.5635999696959921
G39	G44	0.5635429989519921
G36	G96	0.5634655888232659
G21	G98	0.5634262531788791
G71	G20	0.563166908393926
G14	G89	0.562556563230273
G100	G100	0.562552299548579
G73	G50	0.5625168047304749
G37	G76	0.562334862478999
G4	G52	0.56211194881572
G82	G88	0.562065044300172
G39	G97	0.561657960736409
G67	G52	0.5614845527549761
G67	G45	0.561426343200651
G62	G99	0.561372971275773
G67	G51	0.56117077530515
G38	G73	0.561136595060717
G34	G46	0.560743293907964
G9	G66	0.560509430139555
G72	G76	0.560497811785026
G46	G76	0.560350892449115
G10	G4	0.560265268891304
G7	G98	0.5602432510218821
G66	G89	0.560064250691752
G43	G10	0.5599600257392571
G13	G40	0.5598790847596979
G66	G62	0.5596894494730861
G17	G62	0.559641907757893
G69	G98	0.5596189144939749
G70	G100	0.559528651042595
G17	G89	0.559455864479964
G6	G96	0.55940243700062
G6	G100	0.559343930626457
G86	G46	0.559241580671607
G54	G100	0.559140151346804
G49	G89	0.5590106808738909
G84	G71	0.5588188776942111
G2	G66	0.5587037745775479
G26	G89	0.558664766780415
G92	G62	0.5585818554451679
G92	G89	0.558380642794099
G43	G63	0.55836415244023
G81	G76	0.5583394469592871
G89	G46	0.558285419495096
G6	G13	0.558258756238136
G64	G88	0.558191069956523
G45	G62	0.5581423015174101
G26	G62	0.558021112002249
G13	G88	0.557938038475878
G49	G62	0.557278594307109
G45	G89	0.557240426505443
G96	G31	0.557011556372302
G13	G13	0.556948648445802
G7	G46	0.5566661719834649
G55	G47	0.5566407308231139
G64	G45	0.556350932683196
G82	G22	0.55628902992469
G24	G98	0.55628365441344
G80	G89	0.55598967553341
G3	G52	0.555764096545837
G39	G34	0.555611971579787
G47	G22	0.555580842411369
G99	G100	0.5554227750466639
G43	G71	0.5552746609671451
G75	G62	0.5551901729304749
G87	G76	0.555070317216119
G80	G62	0.555019147788232
G33	G89	0.55492235140624
G85	G77	0.554477698969557
G62	G92	0.554194564558055
G33	G62	0.554104059881099
G75	G89	0.554100554468292
G47	G90	0.553996639064786
G83	G7	0.5539693276007329
G51	G96	0.553870895023141
G88	G5	0.553723140363408
G61	G98	0.553679388608094
G40	G62	0.5536367120265451
G3	G90	0.553623531505819
G73	G41	0.553610568541079
G49	G7	0.5533673665851271
G24	G46	0.553223783958733
G97	G62	0.5530716474937281
G40	G89	0.55271386989517
G21	G46	0.5525660570644879
G97	G89	0.552389817777335
G85	G27	0.552341830202334
G83	G89	0.551756715428516
G10	G60	0.551561044066277
G74	G40	0.551411829185064
G100	G76	0.5512869787283671
G50	G88	0.551018401104965
G7	G62	0.550920068993514
G48	G98	0.550833007472971
G19	G89	0.550719012823524
G86	G62	0.5507023220262239
G36	G100	0.5506191124437889
G91	G29	0.550532811235379
G4	G48	0.550302404744776
G73	G99	0.550273968477718
G13	G96	0.5502208574945789
G69	G46	0.549925319602855
G56	G98	0.549656418731087
G19	G62	0.549360663166932
G11	G29	0.549275034880514
G83	G62	0.548957591768527
G39	G51	0.548828449065645
G63	G52	0.54870735142451
G59	G100	0.5486002527395241
G34	G62	0.548589484390512
G85	G91	0.54805002888038
G34	G89	0.547980644066698
G24	G62	0.547689844807272
G86	G89	0.547677739449573
G63	G90	0.547332114973281
G28	G98	0.547177348945163
G50	G57	0.546660239443671
G43	G1	0.5465823447892469
G67	G90	0.546251346106402
G7	G89	0.546190448463015
G31	G7	0.5461790060264461
G76	G46	0.546054760758108
G89	G62	0.546012471006509
G37	G98	0.5455844269539091
G26	G7	0.545556518044268
G89	G89	0.545532518464132
G2	G17	0.54553148538488
G84	G1	0.545501153522001
G80	G7	0.54540995237116
G8	G97	0.545298898060724
G66	G7	0.5452320633596439
G54	G76	0.545058808188022
G77	G16	0.545044355875468
G44	G48	0.544726273175182
G46	G98	0.544586324705267
G41	G10	0.54448879377537
G99	G76	0.5441348979616429
G72	G98	0.5440122445400051
G74	G41	0.543793753672441
G62	G25	0.543463382868413
G56	G46	0.54343489637452
G51	G13	0.54342787256714
G81	G98	0.543197908623497
G33	G7	0.5430196655060271
G9	G23	0.5429846961063379
G70	G76	0.542931375514193
G19	G7	0.542871471327728
G24	G89	0.5428485502124311
G30	G2	0.5428183368100921
G25	G7	0.542395711294547
G4	G22	0.542353417752609
G8	G64	0.5422570353834171
G21	G62	0.5422556588845621
G67	G41	0.5422351655906871
G6	G40	0.542229586405074
G58	G90	0.541713589866058
G61	G46	0.5415987462784241
G64	G50	0.5414451151051379
G55	G18	0.5406899404258521
G21	G89	0.5405560937675471
G82	G45	0.540521655138499
G74	G76	0.540494929556216
G9	G47	0.540448237901929
G69	G62	0.540421460693792
G17	G7	0.540321136668207
G59	G76	0.540250918959212
G53	G52	0.540223071571461
G58	G22	0.5397265432337249
G47	G45	0.5396152711543101
G28	G46	0.53959695856915
G67	G48	0.539437330933415
G13	G100	0.539391090848522
G92	G7	0.539254831941767
G87	G98	0.539197732600375
G37	G46	0.538917998430375
G84	G4	0.538598955319347
G36	G76	0.538540400094517
G64	G57	0.5384280491932609
G69	G89	0.538264492228508
G55	G53	0.538189637908678
G39	G50	0.537780378117597
G5	G38	0.53773794079774
G9	G17	0.537294240432974
G8	G34	0.536837649966302
G14	G7	0.536767152193593
G84	G2	0.5367519838360311
G29	G90	0.536519195382878
G56	G62	0.535817183229088
G53	G90	0.535704281812914
G72	G46	0.535647726215742
G44	G51	0.535334706361801
G100	G98	0.534846321239867
G39	G22	0.534412235714854
G5	G9	0.534262314899974
G82	G57	0.533607154562627
G47	G88	0.533600319828261
G6	G41	0.533415702760175
G73	G97	0.533369718734186
G45	G7	0.533266254364504
G76	G89	0.5327736483947
G50	G13	0.5325268796127329
G56	G89	0.532416909596231
G96	G39	0.532396751931405
G6	G76	0.532064435088468
G88	G29	0.531995614496229
G16	G11	0.531857031995345
G4	G90	0.5316474942905289
G76	G62	0.531559855861006
G82	G100	0.5314794046820661
G28	G62	0.5314515703377489
G50	G96	0.53134605785818
G37	G62	0.5313043335819679
G61	G62	0.530897975616246
G46	G46	0.5307285421431529
G30	G10	0.5306744808611289
G47	G50	0.530671982750265
G64	G100	0.530549090334333
G9	G80	0.530413791473825
G38	G97	0.5301820536910979
G97	G7	0.52984756487902
G61	G89	0.529714564103444
G50	G41	0.5295771270923739
G85	G83	0.5295738336284079
G54	G98	0.529252371447115
G4	G50	0.529014419313316
G75	G7	0.5290096890258
G51	G50	0.5287640174874381
G40	G7	0.5286267414226999
G51	G7	0.528563038358914
G28	G89	0.5285450998310051
G100	G46	0.528527174244904
G50	G100	0.5283354232118079
G39	G52	0.528320430719209
G37	G89	0.5280289267013
G99	G98	0.527948780678689
G70	G98	0.527585812883304
G87	G46	0.527404816156382
G44	G57	0.527176169429214
G72	G62	0.5270993256737461
G84	G63	0.5270269487863479
G44	G40	0.5270060156624521
G74	G98	0.526909412734639
G48	G7	0.526869180281408
G4	G45	0.5265863295748839
G73	G34	0.5263957696757829
G8	G22	0.5263664602515561
G34	G7	0.526240201873034
G29	G40	0.5257126494756741
G13	G76	0.52552566061993
G64	G96	0.525440218285999
G3	G40	0.5252071582493449
G48	G46	0.5251855146738871
G89	G7	0.5249583503912709
G76	G7	0.52479387412239
G81	G46	0.524570899345581
G72	G89	0.524526141425444
G58	G88	0.5244684919720279
G55	G33	0.524414892747914
G3	G48	0.524385590160015
G38	G34	0.524353458098335
G29	G52	0.524344149115306
G58	G45	0.5243045242319461
G51	G76	0.5241670396377249
G77	G20	0.523785509527576
G59	G98	0.523735263170997
G20	G5	0.522862840034552
G8	G99	0.522666822956757
G36	G98	0.522598824072539
G50	G40	0.5224669648127009
G27	G16	0.522192823386802
G82	G96	0.521968011497556
G99	G46	0.521472470567523
G100	G62	0.521371678999847
G38	G44	0.5212181335888211
G96	G47	0.5210796404987941
G59	G46	0.520816116602173
G64	G13	0.520795815192035
G2	G14	0.5202713329835589
G63	G40	0.520102836349113
G41	G71	0.5198054693810971
G10	G9	0.519696043136815
G30	G71	0.519486522351042
G96	G66	0.51936437706903
G54	G46	0.519316703254618
G5	G43	0.519083904927181
G6	G98	0.518759060172488
G39	G45	0.518646592737397
G4	G73	0.518593790264103
G46	G62	0.5184911145855361
G2	G82	0.518414966998417
G44	G13	0.518357124044142
G46	G89	0.518282962374446
G47	G57	0.518086398641962
G100	G89	0.517997059261354
G3	G57	0.517839693357321
G55	G26	0.517782802625627
G2	G80	0.517700217963915
G41	G2	0.51764502650289
G5	G12	0.517311160532616
G63	G48	0.5172607983747629
G87	G62	0.517053805369811
G38	G50	0.516862732579796
G59	G62	0.515925203380637
G87	G89	0.515844210648773
G55	G31	0.515680230879165
G36	G46	0.515153570707934
G30	G63	0.515138988995782
G70	G46	0.514693531661558
G1	G16	0.514633864522959
G99	G62	0.5144222406930851
G82	G13	0.513825182674932
G51	G98	0.5135076396807221
G73	G22	0.5122070560779289
G9	G99	0.512152241884627
G82	G50	0.512075523637272
G21	G7	0.51200918238399
G63	G57	0.511954312416831
G81	G89	0.5117209763847721
G53	G48	0.511709152904492
G2	G23	0.511550171932847
G58	G50	0.511390794965897
G59	G89	0.511203494045484
G44	G88	0.511136085959334
G99	G89	0.511113159148208
G3	G13	0.511000147090884
G67	G57	0.510887539172317
G48	G89	0.5107694695471311
G10	G38	0.510451603106754
G30	G1	0.510400778822707
G13	G98	0.510353335359957
G39	G48	0.510265694113523
G81	G62	0.5101275655695521
G54	G62	0.510069190810471
G39	G90	0.5098573749155461
G8	G45	0.5097751685047921
G44	G96	0.509636890432813
G55	G19	0.509473469230455
G86	G7	0.509128017070324
G41	G1	0.508795521216445
G31	G75	0.5087691119521721
G25	G75	0.508627155298754
G14	G75	0.508333662759595
G47	G100	0.508260902400041
G54	G89	0.508252194071223
G81	G7	0.507561307720215
G85	G55	0.5072343979228989
G74	G7	0.5070643954563541
G36	G62	0.507004821263955
G58	G57	0.506595927371034
G69	G7	0.5064987292018011
G48	G62	0.506291422508249
G50	G76	0.5059938034860171
G38	G22	0.5055204637490229
G63	G13	0.505333522859723
G61	G7	0.505293174711004
G51	G40	0.505248861147497
G53	G40	0.505189723025085
G47	G96	0.5051024883218189
G4	G88	0.504977081949463
G17	G75	0.504630766606632
G66	G75	0.504585844227445
G36	G89	0.504435772849575
G92	G75	0.503662093655212
G70	G62	0.503421297995561
G45	G75	0.503314638674793
G26	G75	0.503083189463201
G55	G39	0.502916969245906
G70	G89	0.5029096560780011
G67	G88	0.502521001377824
G67	G40	0.502511093909377
G49	G75	0.5023494630897021
G47	G13	0.5020289633294871
G9	G51	0.5019085179839939
G29	G57	0.5018758995114729
G10	G12	0.5018590993601451
G27	G20	0.501830484416248
G10	G43	0.501344702789295
G46	G7	0.501213155094867
G53	G57	0.501059039863871
G41	G63	0.500725942983652
G91	G3	0.5006518008455371
G75	G75	0.500650405909677
G67	G13	0.5005415709929529
G13	G46	0.5004531804250589
G74	G46	0.500452444012239
G80	G75	0.5003213740681091
G2	G92	0.499988844692823
G6	G7	0.49990849407678
G3	G96	0.499686883825919
G33	G75	0.499547782717945
G96	G17	0.499341792145374
G40	G75	0.49926082340909295
G15	G5	0.4990716248352411
G58	G100	0.49878466640323604
G29	G13	0.49875967862312304
G97	G75	0.49875149365972
G64	G76	0.49871487593759
G96	G23	0.498645996016644
G62	G44	0.498180534487432
G4	G57	0.49720910566707904
G7	G75	0.497031078055473
G9	G14	0.49689115855237603
G64	G40	0.49683362782215296
G86	G75	0.496777821439834
G55	G59	0.496714958384438
G73	G45	0.496449309492565
G44	G100	0.496185791186571
G7	G7	0.49613124610328896
G60	G29	0.495826374681817
G62	G73	0.4956502242086989
G62	G97	0.495596602553694
G3	G88	0.495494515120755
G20	G3	0.49533629544367297
G19	G75	0.4952105147884
G47	G73	0.495093319274671
G23	G8	0.49490790956362396
G67	G96	0.494881077301557
G83	G75	0.494743529186479
G34	G75	0.494688611468753
G1	G20	0.49467977561859994
G82	G76	0.494509140974747
G58	G96	0.494271084740878
G24	G75	0.494164162938163
G63	G96	0.49391491034732105
G53	G13	0.493631438791684
G2	G25	0.493476973134883
G98	G8	0.49318739998824396
G50	G98	0.49279947808867297
G9	G92	0.4927294126936129
G64	G73	0.492339357967215
G89	G75	0.492327424021596
G11	G3	0.4923238258798429
G6	G46	0.492258990688275
G12	G16	0.49222199827805196
G87	G7	0.49208918541528
G56	G7	0.49199363794636103
G28	G7	0.49189039707356697
G24	G7	0.49188293225220003
G82	G7	0.49159286917907796
G13	G62	0.4914425466285
G38	G45	0.490474666726615
G72	G7	0.490469519356666
G62	G34	0.490292122497207
G58	G13	0.490280122655726
G39	G41	0.48983166564016795
G96	G80	0.489781236319358
G13	G89	0.4897479584695129
G63	G88	0.48912068766416794
G21	G75	0.488980454571791
G37	G7	0.488946684556354
G5	G77	0.488901308004337
G62	G51	0.48804608847655795
G71	G5	0.487963367510115
G20	G2	0.487582052322015
G44	G76	0.48745970629829793
G69	G75	0.487366562576286
G64	G98	0.487254771924431
G5	G27	0.4871570199177279
G3	G51	0.48670230836517797
G53	G51	0.48666746058156796
G38	G52	0.486567930495244
G74	G89	0.48647236775716707
G15	G29	0.4861516154612321
G67	G100	0.48550394531234703
G29	G48	0.484803604177305
G70	G7	0.48430091693556204
G84	G60	0.48420452273791403
G82	G98	0.4839240611747821
G53	G96	0.4838735556951379
G4	G96	0.48375262687346204
G4	G13	0.483593662605534
G29	G64	0.48350942200619706
G56	G75	0.48335068525220404
G85	G49	0.48327115117966496
G3	G100	0.483267914093765
G4	G100	0.483183941426456
G5	G91	0.482839764900349
G64	G7	0.482828278106935
G29	G96	0.482269393829372
G82	G40	0.4822370808002511
G47	G40	0.482068754436177
G53	G88	0.482066789546921
G9	G25	0.481817004607223
G7	G64	0.481644358816328
G74	G62	0.48152773419734796
G24	G64	0.480933329055155
G71	G29	0.48027414286660797
G54	G7	0.48016339420137705
G47	G76	0.47977079396888
G91	G2	0.47944957846205505
G28	G75	0.479331935474677
G37	G75	0.479214406938026
G76	G75	0.47911244844193196
G100	G7	0.47874805788375707
G61	G75	0.47865767430161
G3	G76	0.47861447274197993
G6	G89	0.478468415544736
G38	G51	0.4784540087967721
G38	G41	0.477893133887579
G63	G100	0.4772545611400779
G39	G57	0.47684898855127705
G63	G51	0.47683786975964204
G88	G3	0.47659443482989294
G55	G66	0.47609220286762105
G73	G44	0.47592035788438103
G72	G75	0.47536225197467796
G38	G90	0.4750824840946671
G11	G2	0.475075406482068
G2	G99	0.47497678280898
G62	G50	0.473660454519016
G6	G62	0.47347420771970006
G39	G88	0.473321680221468
G16	G9	0.473320077928
G63	G76	0.473174266455402
G12	G20	0.473158528725647
G99	G7	0.47284035860484996
G44	G98	0.47274348086623996
G67	G76	0.472594325206096
G10	G77	0.472089505459522
G50	G46	0.471886922221834
G62	G22	0.4714859066306721
G4	G40	0.47075819358144394
G2	G50	0.470742170243883
G10	G27	0.470501421342692
G36	G7	0.470395695327235
G60	G3	0.470230276416435
G100	G75	0.470228758559323
G43	G11	0.4698333691692779
G96	G99	0.46924621217821
G58	G76	0.469197840878339
G53	G100	0.46918931793064
G77	G5	0.468876034650743
G44	G46	0.46870766592349394
G47	G98	0.46843806269993893
G58	G40	0.468294962237996
G51	G46	0.46811263432866296
G58	G73	0.467557034736314
G46	G75	0.467418996297827
G62	G52	0.467275392808073
G4	G41	0.467168399700396
G50	G7	0.4669458635354629
G10	G91	0.466744177484319
G38	G48	0.4665949616694461
G39	G13	0.466303821689506
G87	G75	0.466124222397445
G29	G88	0.465603438461048
G59	G75	0.4653985635854261
G29	G62	0.46482494459974394
G3	G46	0.464248196999634
G96	G14	0.464149052552686
G39	G40	0.464089448881368
G99	G75	0.463911070608176
G55	G17	0.46369242756531
G3	G98	0.463637584554907
G5	G83	0.46362108263603
G13	G7	0.46353475988697795
G29	G76	0.46347439377926203
G44	G62	0.46335866072593607
G53	G76	0.46321220205366603
G59	G7	0.462858953663627
G3	G62	0.46267441287548994
G55	G82	0.462637588625552
G64	G41	0.462612415468258
G39	G96	0.46246776794968203
G55	G73	0.46231776186837203
G84	G11	0.46116520413540796
G86	G64	0.460929861159448
G4	G76	0.46021832840541205
G16	G12	0.460179972568854
G88	G2	0.460138888895562
G54	G75	0.459918110628308
G50	G89	0.45980301737378
G29	G46	0.45972248444622493
G44	G89	0.459695216319612
G81	G75	0.459673979088276
G63	G46	0.45954024524342296
G47	G7	0.45942122921252004
G84	G84	0.45920969300600606
G67	G98	0.45899200411415597
G8	G40	0.45880799775384395
G29	G100	0.45879293682287
G94	G16	0.4587073374970251
G47	G41	0.45851015612372203
G58	G98	0.458392428844622
G2	G41	0.45832381231444896
G63	G98	0.458270064856633
G63	G62	0.45822871345407107
G9	G44	0.458217065669306
G96	G92	0.45787076744916605
G62	G45	0.457601269980462
G36	G75	0.45734281156537304
G41	G4	0.4571345461598039
G50	G62	0.456942858081076
G3	G89	0.45677685563238
G84	G38	0.45674225015227504
G39	G100	0.456086554976175
G48	G75	0.455998890419951
G64	G46	0.4545027004481
G29	G89	0.454420188027867
G70	G75	0.4538228608762371
G59	G64	0.453788623792983
G56	G64	0.45376113502212895
G32	G8	0.45365275311122405
G58	G7	0.45321438196795705
G2	G97	0.453035854860904
G63	G89	0.452203456014142
G62	G48	0.4516936858607029
G51	G89	0.450955946026925
G20	G63	0.450513031086324
G62	G90	0.45046288214353003
G91	G63	0.4500987198398329
G67	G46	0.449609826456616
G53	G98	0.44888309525364295
G73	G90	0.44880246329327894
G91	G10	0.448711117374015
G4	G98	0.448707885835069
G27	G5	0.44841616776231696
G96	G25	0.448396948398664
G10	G83	0.44833052445044397
G37	G64	0.44817313033127293
G18	G16	0.44804270816497294
G53	G46	0.44786036851971
G29	G98	0.44755074468883
G14	G64	0.447193975162641
G2	G34	0.44717218644617795
G84	G58	0.447092322976948
G91	G71	0.446235175553851
G73	G40	0.445471616137152
G82	G46	0.44492514297074803
G53	G62	0.44463612772298605
G8	G82	0.44451435787198795
G38	G57	0.444314034609404
G11	G63	0.44402595196846595
G28	G64	0.44387796457993894
G13	G75	0.44305797700285493
G55	G80	0.44247570511414797
G8	G44	0.442070373177938
G16	G43	0.44187234536705894
G69	G64	0.44150335152776704
G100	G64	0.441411781568983
G39	G76	0.441156326320304
G67	G62	0.440943010207164
G94	G20	0.4408156187590379
G77	G29	0.440745993207454
G60	G2	0.44041031073832104
G64	G89	0.440400684065341
G55	G14	0.440393510060943
G45	G64	0.440155200330785
G75	G64	0.440057781081448
G53	G89	0.439919555741816
G67	G89	0.439745673082108
G47	G46	0.4395125405175321
G55	G23	0.439432953746412
G91	G1	0.43943085672872206
G25	G64	0.43933403232926505
G38	G40	0.438993795570293
G51	G62	0.43821035966308897
G5	G58	0.438202668167528
G9	G97	0.438086699923485
G58	G41	0.43807630851843893
G30	G11	0.437118207334812
G21	G64	0.437113497950078
G40	G64	0.437085534673167
G11	G71	0.436999382250289
G22	G16	0.43663273386279905
G11	G10	0.436432037360729
G72	G64	0.43616593164161294
G85	G58	0.43571896365895896
G38	G13	0.435495172317515
G38	G88	0.43535963183647
G16	G60	0.434971495114671
G20	G71	0.43486811923870294
G99	G64	0.434767190889697
G5	G55	0.43475979239119394
G60	G10	0.434399130588265
G2	G22	0.43422219137082396
G31	G64	0.43404630086684204
G9	G52	0.43390163366067896
G97	G64	0.433874249578343
G9	G34	0.433854137935204
G82	G73	0.433844565021107
G15	G3	0.433796236996794
G73	G52	0.43361112352309794
G74	G75	0.433558961151004
G64	G62	0.432700788944756
G17	G64	0.43257303717669104
G41	G11	0.43249677012935206
G92	G64	0.43180874570141203
G96	G51	0.43171110668482104
G8	G90	0.43142161056713596
G11	G1	0.430757754327543
G62	G41	0.430747245574461
G18	G20	0.43071283567667296
G51	G41	0.43071221713953795
G4	G7	0.43043122003978207
G38	G96	0.43019973959766
G88	G63	0.429847431088793
G20	G1	0.42978540490024003
G82	G89	0.429379862286077
G34	G64	0.429310072866441
G39	G98	0.428966257047077
G51	G73	0.428831134329846
G41	G60	0.428488213125949
G73	G64	0.428262255214347
G58	G46	0.427866011168554
G5	G49	0.427563305155305
G71	G3	0.427360505385329
G47	G89	0.42655664588805103
G4	G46	0.42638651975169
G20	G10	0.42627794095013105
G6	G75	0.4262566163688061
G9	G48	0.42623378727234795
G1	G29	0.42600833310319297
G89	G64	0.425427395259615
G3	G64	0.425326032775475
G66	G64	0.42505946219933705
G55	G92	0.42502102574780704
G10	G55	0.424642855598749
G82	G41	0.424585614382034
G63	G64	0.42410561675203895
G60	G71	0.424025271694357
G85	G15	0.423443503102156
G88	G71	0.42291568310501204
G27	G29	0.42259287792359496
G88	G10	0.42231012551802294
G36	G64	0.42171843208676896
G61	G64	0.421606405819766
G62	G57	0.42129582730179793
G38	G100	0.42094982830546
G2	G45	0.4209128995430879
G26	G64	0.420715390459209
G44	G7	0.420406583730374
G47	G62	0.420321528414433
G73	G57	0.4198049769867
G15	G2	0.41966831478028
G29	G75	0.41960461167426505
G22	G20	0.419513086305867
G31	G87	0.419436799551037
G60	G63	0.419013460975045
G55	G25	0.4189627342190179
G82	G62	0.418772730469447
G62	G88	0.41870928321292294
G16	G77	0.418672738495941
G25	G87	0.4183866691728621
G1	G5	0.41825086589592
G67	G7	0.41801103472815604
G96	G44	0.41796071895844705
G73	G13	0.41794122925462
G44	G75	0.417929520402345
G49	G87	0.41769964471682
G5	G84	0.417697972955399
G3	G75	0.41726338514100997
G66	G87	0.416902233022929
G88	G1	0.41689276375584006
G14	G87	0.41677362005317503
G39	G46	0.41650301809766904
G16	G27	0.41643907407601605
G60	G1	0.41642067698012397
G26	G87	0.416139794283105
G33	G64	0.415698187074517
G17	G87	0.415652158773779
G9	G22	0.41532775937103295
G43	G9	0.415227695922687
G4	G89	0.415043514816641
G58	G89	0.41492221504952503
G92	G87	0.414858452793345
G80	G87	0.41460319866813505
G80	G64	0.414057444234909
G71	G2	0.41392310518667497
G16	G91	0.413837718644394
G83	G87	0.413667362878606
G33	G87	0.41353970999384204
G54	G64	0.413373750203282
G63	G75	0.4133220507339229
G45	G87	0.413152698923956
G2	G44	0.41271957368065604
G62	G13	0.411815524427325
G10	G49	0.411813187011434
G50	G75	0.41148892441150897
G4	G62	0.411426989384621
G19	G87	0.411121379182065
G38	G76	0.411045586325067
G87	G64	0.41067695876962496
G75	G87	0.410617093076224
G97	G87	0.409750131339007
G40	G87	0.40973561248957
G62	G40	0.40943490841364205
G8	G62	0.40943020200049496
G8	G13	0.40924361558407596
G9	G90	0.40904370500271797
G55	G99	0.408932167073245
G16	G55	0.40868755740294205
G62	G96	0.408673353581905
G43	G60	0.40849459439847996
G96	G97	0.408341240217147
G16	G83	0.40811890970008396
G12	G29	0.4081064623299929
G58	G62	0.40798224482449
G39	G89	0.406937674196245
G39	G62	0.406834893516355
G49	G64	0.406809080106121
G34	G87	0.40660203371121006
G19	G64	0.40511158852880397
G89	G87	0.4049958672287621
G96	G34	0.404181350093011
G8	G57	0.40368060382197707
G52	G16	0.403530498678811
G9	G45	0.40345163651387794
G86	G87	0.40341601601182697
G62	G100	0.4032670063696311
G3	G7	0.403250510574466
G10	G58	0.403160047394556
G73	G96	0.40281510844809704
G43	G12	0.40262705664402
G9	G50	0.40246814184735996
G31	G30	0.40241974802934294
G25	G30	0.402024717801127
G14	G30	0.40147886936260796
G22	G5	0.4014365802142079
G85	G53	0.401182512183975
G53	G75	0.401101114196947
G41	G38	0.400714170987636
G7	G87	0.400325472707092
G44	G64	0.40023837677595897
G85	G18	0.40004316489105896
G21	G87	0.39990465554032706
G46	G64	0.399886031361478
G94	G5	0.399630939319817
G66	G30	0.39931729701654395
G17	G30	0.399026750480021
G38	G98	0.398919310317952
G12	G5	0.398796568399909
G53	G64	0.398691061614739
G92	G30	0.39825203665803605
G26	G30	0.398228056778099
G49	G30	0.39815985270941995
G73	G48	0.397947958403494
G76	G87	0.397698811487764
G24	G87	0.397635294346397
G45	G30	0.39763518999832703
G69	G87	0.39761581239849003
G67	G75	0.397580614120383
G63	G7	0.39755263951700204
G30	G60	0.397545347952506
G77	G3	0.397484278167021
G84	G43	0.39736915925450506
G85	G84	0.39735543425278097
G13	G64	0.3968837416646311
G16	G82	0.39662953487370095
G39	G7	0.39653641580754706
G80	G30	0.39619070977915793
G84	G9	0.39601917636603795
G33	G30	0.395482531443014
G30	G4	0.39545257734030703
G75	G30	0.39543654486338703
G40	G30	0.39438956087027793
G97	G30	0.39408489012387604
G73	G62	0.39407710951607006
G16	G38	0.394059576676294
G53	G7	0.39404391512724696
G96	G52	0.39374135630336404
G51	G75	0.39371793606294697
G43	G43	0.39361758578324296
G55	G50	0.392790528462739
G76	G64	0.3926756670913111
G83	G30	0.39267079390397397
G38	G46	0.392631274161233
G61	G87	0.392540078116435
G19	G30	0.39232480307531997
G70	G64	0.391848035666153
G56	G87	0.391682737259134
G15	G63	0.39160361521605896
G86	G30	0.39145625798231
G8	G52	0.39136394498551397
G34	G30	0.39093106577406506
G7	G30	0.390807124946241
G8	G89	0.39061399082245796
G57	G8	0.39039383396544797
G9	G88	0.390116188595649
G62	G76	0.389796667183301
G43	G4	0.389616132620732
G8	G46	0.38952226606510604
G9	G73	0.38951700654110105
G28	G87	0.38947759182195
G16	G4	0.38935254484426296
G64	G75	0.38914291670253903
G89	G30	0.389134869660883
G73	G46	0.388726369021293
G37	G87	0.388673863334162
G24	G30	0.38848203701388895
G96	G73	0.38813084957401395
G52	G20	0.38798212535878396
G96	G22	0.38797223951567894
G73	G76	0.387730763754884
G51	G24	0.38710438905984706
G72	G87	0.38694095183848404
G83	G64	0.386884886945484
G71	G63	0.3860750171963621
G2	G90	0.38601873770324296
G21	G30	0.38593889208147897
G29	G51	0.385668855794364
G48	G87	0.38552345840105695
G46	G87	0.38526440344282703
G38	G62	0.385245893847541
G73	G88	0.38456315354998605
G15	G71	0.38452852179175606
G69	G30	0.3844154139462879
G73	G89	0.384254884331637
G55	G97	0.384132404072951
G30	G9	0.38402288505821996
G38	G89	0.383885078360295
G96	G50	0.38357911953389795
G8	G96	0.38355990198720896
G96	G48	0.383488799908951
G15	G10	0.38322018451046996
G81	G87	0.38266691256243296
G9	G57	0.382517290506543
G87	G87	0.382310087416789
G77	G2	0.382286804028274
G84	G12	0.381901519899875
G100	G87	0.38115883789721994
G85	G82	0.38093459353021003
G27	G3	0.380815520427844
G56	G30	0.380683896241358
G73	G100	0.38017709298240504
G76	G30	0.379503934283023
G55	G34	0.37932604924098795
G15	G1	0.379154611390834
G84	G47	0.379128220219464
G62	G98	0.37905012768305896
G71	G71	0.37855208533974
G83	G24	0.378513733845402
G10	G84	0.378334220315528
G47	G75	0.378053061185045
G91	G11	0.378033139758807
G61	G30	0.37798521734906604
G55	G41	0.377903844212399
G2	G52	0.377759048046576
G28	G30	0.3777091856051789
G2	G40	0.37763951023451203
G37	G30	0.37746479302270003
G85	G33	0.376761023252265
G71	G10	0.376725457170029
G96	G45	0.376635217039198
G82	G75	0.376511576641405
G99	G87	0.37620950858702
G54	G87	0.3758252786858471
G96	G90	0.375743204172649
G49	G24	0.37540143285623706
G1	G3	0.375395847203741
G41	G9	0.375168277019095
G72	G30	0.37473844908606796
G59	G87	0.37448340789805395
G43	G38	0.3740502983596621
G73	G98	0.373663399507663
G70	G87	0.373500201524062
G71	G1	0.373330686388454
G18	G29	0.372589539388985
G9	G96	0.372506041823646
G84	G77	0.37243328500817796
G9	G100	0.37242737320231495
G20	G11	0.372333241825243
G43	G77	0.371935260534788
G8	G76	0.371905103417745
G36	G87	0.37182064767491796
G30	G12	0.371791593783966
G85	G59	0.37171991117506703
G84	G27	0.371657505751822
G85	G26	0.371302616910253
G11	G11	0.371279283518293
G9	G13	0.371261882720845
G81	G64	0.37063504417639204
G100	G30	0.37030421402501595
G43	G27	0.37026671162184
G4	G75	0.37017292960540005
G8	G75	0.369962543144856
G46	G30	0.36969675151096704
G41	G43	0.369306766052993
G29	G7	0.369263477574452
G94	G29	0.369149501390014
G85	G19	0.36887537381332597
G30	G43	0.36854651756332396
G80	G24	0.368270235385596
G74	G87	0.368173159853319
G87	G30	0.36810089550132297
G62	G46	0.367697875219516
G43	G91	0.36762958161837506
G84	G91	0.367628843205224
G55	G22	0.367572180637174
G26	G24	0.367499946121938
G19	G24	0.36748348123304797
G58	G75	0.3668419811534911
G30	G38	0.366738843894872
G66	G24	0.366677563183512
G85	G31	0.366557074594392
G39	G75	0.36653702717738396
G27	G2	0.36641510373894
G31	G24	0.366219592386941
G33	G24	0.36619243271198
G59	G30	0.365827390359753
G84	G73	0.365710333583239
G5	G47	0.36551424277026295
G1	G2	0.365487032320085
G99	G30	0.365347471694723
G48	G24	0.364805062637557
G81	G30	0.36430794259520793
G5	G15	0.364150935823262
G16	G49	0.36301748150276103
G54	G30	0.362876236123502
G48	G30	0.362820254855632
G25	G24	0.362570032863831
G6	G87	0.36235584226435796
G13	G87	0.36234064241228997
G41	G12	0.36224609464471
G17	G24	0.36186065050153204
G92	G24	0.361135766358866
G2	G57	0.361095666135079
G38	G7	0.36100151149283605
G9	G40	0.360528862926694
G18	G5	0.360528737745925
G36	G30	0.360463711491864
G85	G47	0.360314650618899
G88	G11	0.3593688807737629
G62	G89	0.35912608945738794
G12	G3	0.35910550635133603
G62	G62	0.358821551165286
G2	G13	0.35878549504115204
G70	G30	0.358757681920377
G43	G83	0.35837642952323295
G77	G63	0.358014037307961
G14	G24	0.357157276973864
G41	G58	0.35705726106854496
G55	G44	0.35690304814975393
G82	G24	0.35662205346159703
G55	G45	0.356462757081358
G73	G75	0.35638168268872605
G60	G11	0.356304030367301
G8	G98	0.356301389201211
G45	G24	0.35538333011081
G10	G15	0.355274493450075
G76	G24	0.35510958121325603
G9	G76	0.354341268602423
G49	G54	0.35431496644985994
G77	G10	0.35401095076652705
G41	G84	0.35378320816576103
G31	G54	0.3536389058827879
G97	G24	0.35355617933411004
G77	G71	0.353433705958715
G90	G16	0.35340093964145103
G96	G88	0.353393795579298
G9	G41	0.353240448300995
G67	G64	0.352847614272443
G74	G24	0.352839384529863
G85	G39	0.352631610111195
G83	G54	0.35224632017496005
G25	G54	0.3521913577216479
G40	G24	0.352186375195155
G75	G24	0.352094039300915
G66	G54	0.35203631665998997
G51	G87	0.35176326279476694
G26	G54	0.351688446571102
G96	G57	0.351394638206487
G34	G24	0.3513667032742439
G62	G7	0.351100809632003
G89	G24	0.35088907875477904
G80	G54	0.35081193520048903
G17	G54	0.35022876946431
G14	G54	0.35002907155206703
G12	G2	0.349958089896344
G43	G55	0.34992801803670304
G33	G54	0.34968422989600106
G13	G30	0.349642819501229
G2	G48	0.34956875266051196
G92	G54	0.349551728910378
G8	G100	0.34882496180702394
G19	G54	0.34832826948387896
G6	G24	0.34824647928241603
G77	G1	0.348239563604725
G38	G75	0.347659382577011
G30	G77	0.347561399196719
G45	G54	0.347257290433847
G2	G96	0.34703676502219394
G41	G77	0.346991068565002
G30	G27	0.346210810839291
G41	G27	0.346022082657992
G50	G87	0.345871412363016
G2	G64	0.345475970919018
G9	G98	0.345341174902657
G74	G30	0.345298414362913
G84	G83	0.345170425420549
G75	G54	0.34490183140569397
G81	G24	0.344666126434078
G97	G54	0.344611670931459
G40	G54	0.34432869594212895
G64	G24	0.343815659898384
G30	G91	0.34347901576397905
G96	G41	0.343404287550013
G8	G88	0.343083075125216
G27	G63	0.34305675253896306
G22	G29	0.343001064796523
G5	G18	0.34281805535580107
G41	G91	0.342723934260218
G96	G13	0.34235740751117105
G34	G54	0.34207272594979493
G96	G96	0.341458474753249
G89	G54	0.340902914132307
G85	G66	0.34067182653641803
G5	G53	0.3400502391546649
G1	G63	0.339867352398167
G90	G20	0.339638306164084
G6	G30	0.33955754809649197
G8	G48	0.33931372772212104
G21	G24	0.339301145934007
G52	G29	0.33910689777960396
G96	G100	0.338972630026534
G27	G10	0.33896884907632796
G27	G71	0.338546621375425
G16	G15	0.33850956019205497
G64	G87	0.337647354133969
G44	G87	0.33749464402561896
G76	G54	0.336871546948479
G96	G40	0.336774406546588
G86	G54	0.33644736191400393
G61	G24	0.33614620389091
G46	G24	0.3358744949222
G5	G33	0.335676897506067
G10	G47	0.33549677298026503
G2	G88	0.335494456772157
G21	G54	0.335179890610603
G10	G18	0.334801226138486
G94	G3	0.334589871006825
G91	G9	0.334525808342094
G69	G24	0.334440109144118
G10	G53	0.333955123166373
G16	G51	0.33394599758381893
G2	G62	0.3339132475358039
G86	G24	0.33390090159478003
G27	G1	0.333588827043296
G2	G76	0.333437421541612
G9	G7	0.33328760011228803
G3	G87	0.33296137668864695
G20	G9	0.332878165486677
G82	G87	0.332768670914195
G69	G54	0.33267141554753804
G5	G26	0.331928978792403
G30	G83	0.331879821080265
G7	G54	0.331798047447966
G48	G64	0.33175437916392403
G5	G31	0.331614358417748
G1	G71	0.331581507190075
G55	G90	0.33151554211338596
G48	G54	0.330680623626598
G2	G100	0.330472521889538
G16	G53	0.3304062591257981
G2	G46	0.33034457490902197
G61	G54	0.329617041008388
G11	G9	0.329473299278701
G24	G54	0.329360739418669
G63	G87	0.329294572685662
G85	G17	0.328919688597574
G44	G30	0.328822897116467
G55	G52	0.328424271936739
G1	G10	0.328401780373781
G60	G4	0.328220713020969
G7	G86	0.327918206789091
G84	G49	0.327816617498747
G9	G46	0.327675242605198
G87	G24	0.327359363301857
G60	G60	0.327288416835107
G1	G1	0.32723005913864195
G3	G30	0.32721432870886497
G15	G11	0.327007712020384
G29	G30	0.32697335352748996
G18	G3	0.326925705251823
G78	G16	0.326908100329218
G50	G30	0.326803466988686
G24	G86	0.3266402431001
G2	G89	0.326512328960789
G56	G54	0.326137020894111
G41	G83	0.325646305157141
G47	G87	0.325622730883872
G67	G87	0.325607790198765
G29	G87	0.325582283311656
G5	G19	0.325537520596455
G91	G60	0.325357724486508
G96	G76	0.32527287554025003
G12	G63	0.32520233757649397
G28	G54	0.324900540756769
G46	G54	0.32472886015325303
G81	G54	0.324726872474817
G47	G24	0.32455607621599103
G91	G12	0.32449034987256703
G20	G12	0.324169071040534
G63	G30	0.324021393974147
G70	G24	0.323815194792023
G37	G54	0.323795959833364
G7	G36	0.32368776191070003
G43	G49	0.323486800836839
G62	G75	0.323312178052394
G72	G54	0.323190091523014
G5	G39	0.323139603495971
G85	G23	0.32286930696210303
G28	G24	0.3227932485109
G72	G24	0.322715275994862
G16	G18	0.32260308936422
G10	G33	0.322563510946847
G14	G86	0.322454836355235
G24	G36	0.322304331742498
G58	G24	0.322194169757279
G71	G11	0.322086971860348
G2	G98	0.322075097943198
G86	G86	0.321946119977278
G56	G24	0.321563092310545
G53	G87	0.32154120181454804
G7	G24	0.32107346832845196
G94	G2	0.321052798191467
G87	G54	0.321023853867774
G50	G24	0.320850862677447
G14	G36	0.320578730432599
G25	G86	0.320301301625129
G37	G24	0.319944337059526
G11	G12	0.319937826708827
G85	G80	0.31972248034617795
G55	G40	0.319654095686989
G88	G9	0.31922605228179196
G18	G2	0.319123551477474
G25	G36	0.3188798901913161
G31	G86	0.31884106015407104
G86	G36	0.318790936138094
G45	G86	0.318495528135953
G22	G3	0.318419504176775
G9	G89	0.318261953594052
G10	G26	0.318222008623372
G58	G87	0.31788724017316
G24	G24	0.31786802145626897
G54	G24	0.317742668121864
G31	G36	0.31768374369269897
G51	G30	0.317622881189552
G30	G55	0.31760182865682896
G75	G86	0.317438336625802
G100	G54	0.317364056172393
G12	G71	0.31703868844818106
G17	G86	0.31684328364310604
G45	G36	0.316786606820459
G74	G54	0.31668412022014897
G96	G98	0.31663412601454305
G52	G5	0.316361030127141
G91	G43	0.31626361228645505
G10	G31	0.316254781591759
G92	G86	0.31624498187621003
G40	G86	0.316065610906519
G75	G36	0.315623029045946
G17	G36	0.315596028371415
G38	G64	0.315010426870948
G92	G36	0.315004337131413
G53	G30	0.31500096089913
G97	G86	0.314960052703864
G54	G54	0.31476292815928497
G56	G86	0.31474161274349
G66	G86	0.31465861624617303
G9	G62	0.314468847489601
G70	G54	0.314441321130769
G40	G36	0.314355890069344
G78	G20	0.31422168582712606
G4	G87	0.31396698341222806
G67	G30	0.313902086504594
G10	G19	0.31382737154818896
G66	G36	0.313815356880256
G12	G10	0.313790661913568
G5	G59	0.313560474751228
G97	G36	0.31340507433133197
G99	G54	0.31331369722838304
G100	G24	0.312928846098028
G12	G1	0.31291106161353804
G26	G86	0.312849240531937
G69	G86	0.31273894927608803
G50	G64	0.31265081588672494
G51	G54	0.312593352851229
G60	G9	0.312287171163063
G26	G36	0.312182601310689
G21	G86	0.312102285840198
G34	G86	0.312094217911835
G6	G54	0.311875562235469
G11	G60	0.311781058625747
G37	G86	0.311522748911327
G64	G30	0.31150209826230796
G56	G36	0.31138243810009697
G34	G36	0.31060378883754
G36	G54	0.31035326666511304
G28	G86	0.310342619016455
G69	G36	0.310274851153791
G59	G54	0.310099652582521
G55	G57	0.310096854417071
G89	G86	0.310065375469167
G33	G86	0.310061069064091
G21	G36	0.30993998210540397
G80	G86	0.30986727982608003
G88	G12	0.309681940843232
G11	G43	0.30956481704684896
G33	G36	0.30952563375604997
G16	G59	0.30949263601848603
G80	G36	0.309463594965866
G99	G24	0.309231226578705
G5	G73	0.30909952282581205
G36	G24	0.30904685712582
G89	G36	0.30868949010847097
G49	G36	0.30866193294794897
G49	G86	0.308599525694513
G39	G64	0.30848226295695197
G10	G59	0.30845041468026396
G37	G36	0.308319671025654
G10	G39	0.30813768600808
G85	G14	0.30792931960520803
G59	G86	0.307804641173794
G51	G74	0.307680792227717
G20	G43	0.307643340213173
G28	G36	0.307387475152364
G91	G4	0.30723527142565
G55	G13	0.30704223917380896
G13	G24	0.307035926382771
G55	G48	0.306869329430361
G72	G86	0.30660710706615696
G74	G64	0.30614766508462105
G100	G86	0.30612720180905106
G5	G66	0.305688287628037
G20	G82	0.305485321975656
G84	G55	0.30540352649730396
G19	G86	0.305363851511861
G19	G36	0.30521808987765997
G95	G8	0.305048594200413
G96	G46	0.30419839737989
G41	G49	0.30418635730518
G72	G36	0.30390272486037895
G59	G36	0.303710002173467
G61	G86	0.303682622682404
G13	G54	0.303610416282449
G39	G87	0.303174523648944
G30	G49	0.302983894127945
G100	G36	0.302913405453073
G82	G30	0.302904870211047
G85	G99	0.30272042164368
G60	G38	0.302566066934585
G60	G12	0.30254783362753
G47	G30	0.30202919149981106
G61	G36	0.301953603942263
G22	G2	0.301817143753171
G99	G86	0.301781454687123
G88	G60	0.30166647611305397
G90	G5	0.301633086314897
G85	G92	0.30156500502323197
G73	G7	0.30148764918876303
G2	G75	0.301337818433966
G94	G63	0.30099793641255496
G83	G36	0.30080028435861106
G60	G43	0.300793488467405
G41	G47	0.300413927254885
G83	G86	0.299978040414487
G77	G11	0.29990593648556
G88	G43	0.29966534420146396
G94	G10	0.299119676447311
G91	G77	0.29897444574571197
G59	G24	0.29896068139541904
G96	G7	0.298946466503039
G6	G64	0.29894504763707697
G4	G24	0.298753507507605
G29	G86	0.298706703953818
G99	G36	0.298669610729968
G55	G96	0.29862413380607394
G41	G55	0.29812519018407896
G5	G17	0.29800261995363003
G94	G71	0.297894273165775
G91	G27	0.29759311234183
G91	G38	0.297405174385263
G43	G82	0.29671518259246005
G8	G86	0.29631120286583196
G96	G89	0.296256927564907
G18	G63	0.296233392296062
G85	G25	0.29595642154678603
G87	G86	0.295735317163468
G36	G86	0.295635102709208
G76	G86	0.29560635727407697
G91	G91	0.295523359197878
G76	G36	0.295465180154336
G50	G54	0.29535824746667305
G4	G30	0.29458767592292795
G96	G62	0.294547231417918
G52	G3	0.294530187709453
G64	G54	0.294468319543405
G73	G51	0.294262348733407
G54	G86	0.29415585083027695
G87	G36	0.29405087319905104
G82	G54	0.293791115165135
G58	G30	0.293474997239565
G94	G1	0.293419347892472
G10	G82	0.29327174952334
G46	G86	0.29320572491250296
G11	G77	0.292964769005989
G36	G36	0.292887123657764
G10	G66	0.29234202315505603
G55	G88	0.292239355332844
G46	G36	0.29208920290879303
G54	G36	0.29203647171157104
G20	G77	0.29201496344237393
G20	G60	0.291944211115735
G20	G55	0.29184425976432504
G11	G27	0.291510570450291
G43	G15	0.291131247622057
G29	G36	0.290959693697892
G15	G9	0.29063180769990304
G20	G27	0.29029449388517603
G39	G30	0.28999968592589503
G22	G10	0.28972956154838503
G11	G91	0.28958583258402304
G52	G2	0.28914941494859697
G20	G91	0.288653011035843
G91	G83	0.28864268773892404
G18	G71	0.288370159222677
G27	G11	0.28731988961451
G11	G4	0.28712701609172697
G20	G83	0.286839268875398
G90	G29	0.286836660383637
G55	G76	0.286517700321368
G55	G100	0.28642358902262
G71	G9	0.286105937851038
G70	G86	0.28567828430676195
G22	G71	0.28539862228600704
G83	G72	0.285231669034734
G49	G72	0.28505787358137796
G18	G10	0.285027775794159
G22	G63	0.284941957227676
G18	G1	0.284673587842442
G70	G36	0.284430710863961
G10	G17	0.28439403564706606
G11	G83	0.284171200375275
G5	G82	0.284105621188729
G11	G38	0.28378376225973806
G5	G14	0.28373437645628197
G8	G30	0.283659364505927
G60	G77	0.283631872492603
G88	G77	0.28351602195946
G9	G75	0.28341657696184197
G38	G87	0.283351962077263
G8	G36	0.283281444867791
G91	G55	0.283072646424344
G5	G80	0.283014102669898
G13	G86	0.28296098460375896
G1	G11	0.28268768177328496
G47	G54	0.282569807765911
G60	G27	0.282526490056661
G88	G27	0.282145291311663
G15	G12	0.282109552305326
G55	G62	0.282069068333333
G81	G36	0.28205455231735
G81	G86	0.281811272918143
G31	G72	0.281580919734248
G11	G55	0.281570466117234
G26	G72	0.28117770284311894
G3	G86	0.281117963566399
G80	G72	0.28107677933832104
G55	G46	0.28104977943962
G66	G72	0.28104302235983697
G13	G36	0.280998281720915
G22	G1	0.28066846259454103
G2	G51	0.28037022849911303
G88	G91	0.280337462215097
G44	G54	0.280216731018115
G60	G91	0.280193200475886
G33	G72	0.27985702375898996
G19	G72	0.27971111124882003
G25	G72	0.279708562809897
G85	G73	0.27965620211938397
G43	G53	0.279456593633781
G14	G32	0.279351193003326
G25	G32	0.27930420455551
G63	G86	0.279293629691028
G31	G32	0.279257141955511
G5	G23	0.279162977714206
G16	G19	0.27883833945325504
G17	G72	0.278588782812303
G82	G74	0.27844967246051194
G71	G12	0.278110754693667
G92	G72	0.27804807180949603
G88	G4	0.27787527337105894
G16	G33	0.277839366996285
G67	G24	0.277546376130854
G55	G89	0.277154414776815
G73	G30	0.277139221765435
G55	G98	0.277087276770549
G17	G32	0.277026599953968
G58	G54	0.276921011802585
G14	G72	0.276880860340963
G66	G32	0.27682051859965195
G45	G32	0.276539723402335
G3	G36	0.27652918565594503
G55	G64	0.27652506328988
G92	G32	0.27649941785962107
G43	G18	0.2760994559326261
G26	G32	0.27590535384031
G49	G32	0.27514387480782104
G75	G32	0.275137811815971
G45	G72	0.275058573846951
G10	G73	0.274881238928326
G88	G83	0.274862812895762
G30	G58	0.274671090753553
G63	G36	0.274575498409445
G88	G38	0.274430828642309
G7	G32	0.27434869391619804
G44	G86	0.27433247910362096
G40	G32	0.274319149136175
G38	G30	0.274310174730206
G80	G32	0.274279772516108
G97	G32	0.273959669980543
G33	G32	0.27390505975867996
G3	G54	0.273833234032004
G86	G32	0.27365262523506
G97	G72	0.27327581461167
G67	G54	0.27316538959429604
G44	G24	0.273126802719829
G5	G92	0.273119013768879
G73	G87	0.272991077901665
G75	G72	0.27289531176230303
G84	G39	0.272893540949008
G78	G5	0.272863980494249
G24	G32	0.272812926873358
G40	G72	0.27267826702013803
G88	G55	0.27260654764073605
G15	G60	0.27255992093447
G15	G43	0.272405135227328
G10	G80	0.272394452961196
G41	G73	0.272227748307344
G16	G26	0.27221870823177596
G65	G8	0.272127198222752
G34	G32	0.27170729097526003
G10	G23	0.27170319618419503
G48	G36	0.27148815849562
G34	G72	0.271403128028927
G19	G32	0.27134631943663695
G48	G72	0.271105458028714
G44	G36	0.271042134082285
G51	G72	0.27096217986598303
G20	G51	0.270841700175877
G89	G72	0.270731565136344
G83	G32	0.27061818974959
G63	G54	0.270531048298084
G60	G83	0.270493646534407
G76	G72	0.270445370683211
G12	G11	0.27037951813260497
G89	G32	0.27036754088875603
G85	G97	0.270122578577082
G62	G64	0.269949596448948
G4	G54	0.26961229687293303
G10	G14	0.269476436750861
G48	G86	0.26929005663168
G5	G25	0.26925444021615197
G21	G32	0.26893362532892
G84	G41	0.26888861756974003
G84	G31	0.268729374483129
G8	G87	0.26838117372695997
G69	G32	0.268196397692919
G71	G43	0.26805980733045603
G78	G29	0.267973948536119
G85	G44	0.267901140645483
G62	G87	0.267719570557976
G52	G63	0.267469537707001
G53	G86	0.267432210340251
G85	G34	0.26716997651316005
G35	G8	0.26710462584011
G71	G60	0.26698839245433303
G39	G24	0.266783828291822
G2	G7	0.26645843529239105
G56	G32	0.266407827321898
G4	G64	0.26585173963877895
G77	G9	0.26574036885429697
G53	G54	0.26549581807121103
G96	G75	0.265423141696008
G30	G15	0.26513983128506696
G55	G51	0.265115626396951
G21	G72	0.26422348803479395
G37	G32	0.26409419166732
G28	G32	0.264034913313742
G53	G36	0.263493172913659
G61	G32	0.263093534019823
G86	G72	0.262883906329425
G76	G32	0.26255513953762
G84	G33	0.262471438292756
G20	G38	0.262431828435763
G29	G54	0.26208861259952804
G72	G32	0.261745663165357
G81	G72	0.26154737621257895
G69	G72	0.26145213597754696
G49	G68	0.261406782004976
G84	G26	0.261268371458275
G85	G50	0.261251730332972
G31	G68	0.261096086018474
G16	G31	0.261045186374007
G74	G72	0.260864311078789
G61	G72	0.260728860545332
G10	G92	0.260697058294499
G83	G74	0.260247470811205
G43	G59	0.260197290684681
G25	G68	0.260116033128173
G91	G49	0.259892350842435
G66	G68	0.25985795096332004
G83	G68	0.259744680285466
G26	G68	0.25958626220796
G100	G32	0.259191859122171
G73	G86	0.259067248135549
G52	G71	0.259000795341408
G80	G68	0.258898561789583
G11	G82	0.258873221011212
G5	G99	0.258767010078249
G17	G68	0.258620805618293
G14	G68	0.25860408107541605
G64	G74	0.258556018159576
G84	G15	0.258504139278297
G48	G74	0.258488270896803
G46	G72	0.258431046304987
G92	G68	0.258120324113546
G33	G68	0.258101487997685
G77	G12	0.25801356461992203
G15	G77	0.257830330980452
G90	G3	0.257771441324186
G60	G55	0.257367791090384
G85	G22	0.257270986032422
G6	G72	0.257180021284525
G19	G68	0.25702761404007896
G59	G32	0.25698320673927
G10	G25	0.25687409450190696
G51	G37	0.25678100831580103
G46	G32	0.25661637380575303
G15	G27	0.256547547580785
G45	G68	0.256509464893307
G3	G24	0.256505784049671
G7	G72	0.256454413249816
G5	G50	0.256424678612471
G87	G32	0.256224376207865
G39	G54	0.25600859163906997
G74	G36	0.255970594102882
G62	G30	0.25588250784954
G52	G1	0.25586764154832004
G99	G32	0.255701963411352
G16	G23	0.25514466308712197
G15	G91	0.254915579705102
G75	G68	0.254788829429488
G52	G10	0.254689593653506
G27	G9	0.254648611198339
G55	G75	0.254561768852777
G97	G68	0.254554538781397
G77	G60	0.254484110534696
G40	G68	0.254362662489197
G11	G49	0.254349288950398
G24	G72	0.254263742635599
G56	G72	0.254102541543661
G28	G72	0.254018777781004
G87	G72	0.253930028860111
G71	G77	0.25386513830447605
G49	G74	0.253777418418721
G10	G99	0.253423515423167
G74	G86	0.253332507277393
G72	G72	0.253246250965986
G98	G16	0.25316512728643803
G83	G37	0.25313023781536
G54	G32	0.253018108505553
G67	G86	0.253017613471353
G53	G24	0.252880475771816
G74	G74	0.252737543238039
G20	G49	0.25269912977501
G34	G68	0.252658276338057
G37	G72	0.25254525757708496
G71	G27	0.252544546848824
G94	G11	0.252541875742246
G85	G51	0.252435338931629
G63	G24	0.252240714453282
G82	G72	0.252153007619443
G36	G32	0.251857292407333
G89	G68	0.251769355918624
G81	G32	0.251755943739968
G1	G9	0.251617467316815
G23	G16	0.251423104440265
G67	G36	0.25140606743246696
G73	G36	0.251296813965788
G49	G37	0.251286385073498
G6	G36	0.251177003732147
G30	G53	0.251072734088079
G30	G84	0.25096391668575
G71	G91	0.250901209424337
G41	G15	0.250838204036521
G88	G82	0.250688941595777
G8	G7	0.250642218050118
G85	G52	0.25056481751835996
G30	G18	0.250470258745352
G77	G43	0.250400211829304
G15	G83	0.250357046696299
G43	G33	0.250244220863643
G6	G74	0.250025936979077
G84	G50	0.24989401459683605
G70	G72	0.24978075158195498
G85	G45	0.249676579533647
G43	G58	0.24948881278014604
G70	G32	0.24924841378633103
G15	G4	0.24912976104727302
G5	G41	0.24912323045986398
G84	G64	0.248953141236492
G15	G55	0.24893311803285398
G20	G4	0.248889371338695
G48	G32	0.24879094646518105
G86	G68	0.248773211912639
G76	G68	0.24858069346087697
G6	G86	0.24845703100887
G90	G2	0.24841658658947602
G64	G72	0.248080392557952
G16	G66	0.248057145135159
G50	G36	0.24804777733852698
G54	G72	0.247852055910281
G84	G19	0.247848858497438
G15	G38	0.24768557032061997
G21	G68	0.24766023433797896
G43	G19	0.24758062751914497
G60	G49	0.247572313072568
G100	G72	0.247317042281631
G27	G12	0.24723565211256399
G19	G74	0.24711928309635003
G5	G97	0.24700740514697803
G71	G83	0.24689876329287802
G80	G37	0.246704398470383
G50	G86	0.246703656182533
G26	G37	0.246240645651137
G80	G74	0.24611093994255398
G91	G82	0.2460915905193
G19	G37	0.24608503005895702
G18	G11	0.24608152991817703
G43	G26	0.24601862419182602
G88	G49	0.24599888202623002
G69	G68	0.245873394653733
G71	G55	0.245858785512907
G66	G37	0.24574187308500398
G7	G68	0.24553639360687804
G31	G37	0.245522719238348
G33	G37	0.245341073798959
G1	G12	0.244741053225122
G16	G99	0.24445609343900895
G99	G72	0.24428012741047603
G26	G74	0.24419268156948498
G5	G34	0.24400863265058398
G33	G74	0.24400578504503398
G24	G68	0.243759162292467
G13	G32	0.243724771672627
G48	G37	0.24364217093013196
G48	G68	0.24359884846931604
G61	G68	0.243498548100066
G27	G60	0.243488561096288
G85	G90	0.24338750080451999
G98	G20	0.24335016477843502
G25	G37	0.243214146493851
G84	G17	0.24301067287154102
G36	G72	0.24286532862528498
G17	G37	0.242656269110722
G66	G74	0.242626217090087
G71	G38	0.242502611038237
G71	G4	0.24246706644524696
G84	G66	0.242431372982512
G92	G37	0.242181557891545
G84	G14	0.241786479434097
G23	G20	0.241734714863875
G41	G31	0.241684894386214
G58	G74	0.24142350479873395
G56	G68	0.241185873338889
G20	G15	0.241074761481048
G85	G48	0.241020642484673
G41	G33	0.240931501509914
G9	G87	0.24089436404854897
G12	G9	0.24088731212675102
G22	G11	0.24083258014837802
G47	G64	0.24080370480404803
G84	G18	0.24055238292929298
G31	G74	0.24054226324143202
G50	G72	0.240498959281235
G41	G39	0.24038178931146104
G28	G68	0.240219171245029
G16	G80	0.240170811814964
G85	G41	0.24006207340036897
G47	G74	0.240021032057321
G43	G31	0.239971734415829
G27	G43	0.23985197528107102
G46	G68	0.23972766408108498
G14	G37	0.23972061502568803
G81	G68	0.239552325612397
G37	G68	0.23943388691853698
G59	G72	0.23931666370685603
G16	G39	0.23926892988354298
G13	G72	0.239267768231165
G72	G68	0.238909306141868
G41	G26	0.238843628940841
G76	G74	0.238544963254508
G78	G3	0.238534014848485
G45	G37	0.23848992465144697
G38	G24	0.238307660408528
G10	G50	0.237894142799784
G76	G37	0.23786398888751198
G20	G53	0.237719640662096
G49	G42	0.23770077170136703
G31	G42	0.237596862741457
G30	G82	0.23731920301741702
G97	G37	0.23723292082992103
G5	G22	0.237131361140255
G87	G68	0.23712908015176
G38	G54	0.237090078706004
G17	G74	0.23702330112678402
G77	G4	0.23688324034873803
G77	G77	0.23688250170483802
G82	G37	0.23680444435919396
G25	G42	0.23675795015429602
G32	G16	0.236717410879877
G62	G24	0.23663217482427
G92	G74	0.23652181019342702
G66	G42	0.236426894894185
G25	G74	0.23639074992863301
G40	G37	0.236367896742967
G75	G37	0.236338350167237
G74	G32	0.23631720906515602
G30	G33	0.23625213628168804
G47	G72	0.23622215273245104
G26	G42	0.236155481856925
G83	G42	0.236076671919574
G34	G37	0.235739766704827
G77	G27	0.23573243242076503
G74	G37	0.235552117968728
G80	G42	0.23549792647961
G14	G42	0.23544780828925402
G89	G37	0.23539981205344698
G10	G97	0.23537136972632602
G17	G42	0.235365708706353
G91	G15	0.235332758658983
G41	G18	0.234963080019729
G92	G42	0.23491224225692303
G2	G30	0.234892479845412
G55	G7	0.234840008477006
G33	G42	0.23479045482606697
G1	G43	0.234724325395561
G100	G68	0.23469035416159398
G2	G87	0.234205026990088
G12	G12	0.234159556493519
G77	G91	0.234127117579041
G19	G42	0.23375650852792001
G29	G32	0.23372742468653102
G11	G15	0.23365820419376998
G45	G42	0.23351905081564497
G81	G74	0.233461391451792
G74	G68	0.233192691730185
G58	G72	0.23295252620128698
G30	G26	0.232897236843258
G30	G59	0.232601872938422
G54	G68	0.23259646703601103
G16	G17	0.23253820827872798
G9	G24	0.23249679289721203
G64	G64	0.23249179142086698
G6	G37	0.23247322323526
G15	G82	0.232462494107941
G31	G85	0.23242870846205202
G10	G34	0.232420210534331
G90	G63	0.23234174268867
G25	G85	0.232326353204161
G71	G82	0.232324592338529
G6	G32	0.23229238034326397
G70	G68	0.23217604467841302
G14	G85	0.23209928541456898
G77	G38	0.23207218743310298
G75	G42	0.231973612332224
G97	G42	0.23172306822967997
G60	G58	0.23171744501648103
G99	G68	0.23167888060355604
G40	G42	0.231571555110161
G84	G53	0.231316526796678
G30	G19	0.231235901506881
G78	G2	0.231095003201788
G3	G32	0.230945723550464
G41	G19	0.23089015119487
G81	G37	0.230824276800343
G44	G32	0.230584456509314
G66	G85	0.230580317190089
G17	G85	0.230524918212439
G20	G18	0.23044373221659697
G1	G60	0.23027000394139105
G41	G53	0.230203361765505
G14	G74	0.23017024849791
G92	G85	0.23008674553617298
G30	G31	0.23005326192897899
G34	G42	0.229986961385725
G26	G85	0.22992907690316503
G45	G74	0.22988698587043804
G5	G45	0.22986970083112
G45	G85	0.22983935579512
G49	G85	0.22973308921313898
G6	G68	0.229624115366489
G97	G74	0.229495607608971
G59	G68	0.22948305677346498
G36	G68	0.22946204884786398
G77	G83	0.229335526942589
G51	G68	0.229185477810825
G89	G42	0.229164693383353
G90	G10	0.22896094573795603
G64	G37	0.22895910972076997
G90	G71	0.228958059979345
G63	G32	0.22882572245599803
G80	G85	0.22872629115759197
G89	G74	0.228701624399981
G75	G85	0.228604444628537
G34	G74	0.228408510710858
G33	G85	0.22834304178755202
G39	G86	0.22833515141757801
G40	G85	0.22799035428034
G21	G37	0.227911946844975
G39	G36	0.22785369112636897
G97	G85	0.22778718819788396
G40	G74	0.227668686710164
G85	G57	0.22762819015457197
G32	G20	0.227456214360207
G30	G47	0.22720930324999
G10	G41	0.22703721174535102
G75	G74	0.22700370863864605
G27	G77	0.22691222269842498
G16	G48	0.22673986693901102
G86	G42	0.226696596128311
G86	G85	0.226564833186554
G91	G53	0.22655383793866898
G7	G85	0.22649577047982197
G11	G53	0.226485053655865
G19	G85	0.226436560388951
G83	G85	0.22640414558563002
G27	G4	0.226342178729674
G43	G39	0.226315760661167
G62	G54	0.22628040524234302
G77	G55	0.22624327871030397
G79	G8	0.226223790895056
G88	G15	0.22622236258956196
G76	G42	0.226088216734939
G34	G85	0.22593987956768
G27	G27	0.22580833721712698
G9	G30	0.22579292078236
G61	G37	0.22572435308143898
G90	G1	0.22564819409886602
G21	G42	0.22554747558249202
G46	G37	0.22521804612333604
G24	G85	0.22515661208659302
G43	G66	0.225084102022962
G89	G85	0.224886519044979
G50	G32	0.224885364335375
G16	G44	0.22485757877863602
G10	G22	0.224782484386792
G69	G37	0.22477337591344898
G5	G44	0.224761855373066
G86	G37	0.22456113215947401
G12	G43	0.224461238284191
G13	G68	0.22431831006173
G85	G88	0.22430661365327698
G27	G91	0.22427849228363897
G69	G42	0.22397219459854997
G7	G42	0.22393233489162098
G94	G9	0.22380337906910003
G15	G49	0.223687902122151
G43	G51	0.22349600949551396
G20	G59	0.223485979839122
G85	G40	0.223458605058927
G91	G18	0.223368188908615
G50	G74	0.223346618009585
G38	G86	0.22326164526042397
G21	G85	0.223207109712601
G85	G13	0.22289384282664199
G84	G92	0.22253754367766002
G1	G77	0.222459353137425
G29	G24	0.222428569623905
G69	G85	0.222415536685647
G84	G25	0.222403310853832
G96	G87	0.22238954372001604
G24	G42	0.22232639808385898
G58	G64	0.22228499463319498
G11	G18	0.222221813852682
G27	G38	0.22199526418677804
G10	G44	0.221913779088217
G61	G42	0.221712614132548
G53	G32	0.22169459364773397
G4	G72	0.22162736291691298
G52	G11	0.22150252581869698
G38	G36	0.221380224602721
G30	G39	0.22134952511900802
G1	G27	0.22125158917622
G48	G42	0.22121680850896203
G43	G23	0.22086256866654
G41	G66	0.22061132707931197
G85	G96	0.220565253694857
G56	G85	0.22038663176325698
G71	G49	0.220307349601934
G46	G74	0.220197582938564
G64	G36	0.21994299015306898
G1	G91	0.219870184113888
G87	G37	0.219838989238365
G56	G42	0.219828028081947
G12	G60	0.219746512690707
G27	G83	0.219741538239968
G16	G52	0.21953396119714397
G4	G36	0.21951518700582798
G18	G9	0.21947411900732997
G88	G53	0.21938977033672002
G76	G85	0.21909369035983897
G28	G42	0.21890270319997798
G28	G85	0.218645088191894
G67	G32	0.218604109533371
G61	G85	0.218588786867437
G37	G85	0.218540419568734
G37	G42	0.218222743334121
G46	G42	0.21816217844851102
G10	G45	0.21806900666581697
G41	G17	0.217910804060691
G73	G54	0.217905045661719
G81	G42	0.217836555249498
G50	G68	0.21769197304250895
G72	G42	0.21767595012619198
G1	G55	0.217637138260327
G4	G86	0.21738962701519396
G44	G72	0.21727389058897897
G70	G37	0.217247080243729
G28	G37	0.21713127093645201
G47	G36	0.217118887291992
G1	G83	0.217053923931827
G84	G80	0.21704114630313698
G72	G37	0.217008098333763
G94	G12	0.21694305919564602
G27	G55	0.21688595591856602
G72	G85	0.21688095042424602
G85	G100	0.21655647841538
G64	G68	0.21642524707257396
G7	G37	0.21640811052754
G47	G37	0.21640091666018801
G61	G74	0.216393148126737
G56	G37	0.21637442230516502
G21	G74	0.216260579009779
G94	G60	0.216248809282034
G51	G28	0.215989565333038
G87	G42	0.21591492700103598
G16	G58	0.215788581614631
G67	G72	0.21569631098831601
G82	G68	0.21561890633328099
G78	G63	0.21543770671142898
G37	G37	0.215294121246279
G64	G86	0.215156492933335
G88	G18	0.215126356481807
G60	G15	0.215039237718363
G58	G37	0.214691127315179
G43	G17	0.214686633222175
G50	G37	0.21463966502318502
G22	G60	0.21446836118464202
G100	G85	0.21443904767572197
G60	G84	0.214301692233147
G24	G37	0.21426848990678102
G83	G94	0.214049713990247
G43	G80	0.21402526838709698
G2	G86	0.213969344442343
G100	G42	0.213918711200395
G30	G66	0.21374593744706696
G46	G85	0.21353321758323698
G54	G37	0.21352342694371898
G16	G92	0.213377381942112
G49	G94	0.213365776082476
G43	G84	0.21332250137483605
G18	G12	0.21326957208463002
G47	G86	0.21326722157741698
G32	G5	0.212945131009917
G1	G82	0.21288904952510998
G87	G85	0.21286866827562
G12	G77	0.21270979283822303
G22	G9	0.212616518518125
G4	G74	0.21254602035239
G23	G29	0.212110491318912
G59	G85	0.21206653136401601
G51	G32	0.21187719711136
G54	G42	0.211855119272115
G41	G14	0.21183846925408803
G74	G42	0.21170102483573702
G11	G59	0.21162179765213898
G99	G85	0.21157855926570396
G12	G27	0.21156804097414103
G70	G42	0.211328145882608
G78	G71	0.21126147121206001
G69	G74	0.211171276055208
G99	G42	0.21117122309330602
G91	G59	0.211165382262364
G94	G43	0.211158218077494
G70	G74	0.211100606146897
G64	G32	0.21102415124797003
G83	G28	0.21093326923501604
G41	G59	0.21085007111857101
G5	G90	0.21074275346752
G96	G30	0.210736524831823
G87	G74	0.210671921188798
G100	G37	0.210638677834571
G85	G76	0.21060296619047303
G78	G10	0.21031811465627398
G81	G85	0.210299363355618
G12	G91	0.21028236928002697
G93	G8	0.21017622568082803
G80	G94	0.210000901298085
G54	G85	0.20994133228334802
G26	G94	0.209908968662709
G84	G59	0.20985859054053002
G31	G94	0.20985164652233998
G66	G94	0.20967095139489497
G22	G4	0.209450338230915
G59	G42	0.209320756989742
G8	G32	0.209238779711948
G19	G94	0.209185216434652
G49	G28	0.209180482521797
G11	G51	0.209113004146035
G41	G41	0.209095017070515
G36	G42	0.20907895825787198
G43	G99	0.209025499629763
G33	G94	0.20901200167344802
G48	G85	0.20898954847019002
G3	G72	0.20882386881632897
G36	G85	0.20861505598028499
G98	G29	0.208612201295516
G51	G94	0.20857674468641396
G2	G36	0.20851885680670001
G1	G38	0.20849261120621104
G6	G42	0.20844787739950102
G98	G5	0.208445571431464
G12	G55	0.20839144028547898
G78	G1	0.208345146545698
G51	G36	0.208280374940091
G25	G94	0.20824023664146
G99	G37	0.20816228909224202
G58	G36	0.208052877921647
G36	G37	0.20780666195146102
G47	G68	0.20780163109427502
G12	G83	0.20755439233883605
G17	G94	0.20754697505865
G9	G54	0.207526465567958
G70	G85	0.207306416302785
G44	G68	0.20728464493861898
G51	G42	0.207243245377065
G92	G94	0.20713506388995898
G86	G74	0.20707483647699698
G84	G97	0.206881365803644
G16	G14	0.20684963898648198
G15	G15	0.206478371290856
G30	G17	0.206406114254029
G13	G37	0.20631830268645
G16	G25	0.206190787122787
G5	G52	0.20611082071383302
G5	G40	0.20602003599089
G63	G72	0.20588394267768398
G14	G94	0.20580553523294198
G77	G49	0.20578037936744797
G22	G12	0.20555698486382998
G47	G32	0.20541878808789202
G80	G28	0.20521779136681698
G1	G4	0.205162262651648
G88	G59	0.204976753090152
G10	G90	0.20490610704661102
G96	G64	0.20485983483131195
G10	G52	0.204828582851933
G96	G24	0.204780623600524
G19	G28	0.204777694205138
G26	G28	0.204770829273573
G12	G82	0.204664901675327
G85	G98	0.20455460886453403
G45	G94	0.204540943547314
G39	G72	0.20452440722322895
G48	G94	0.204387402190224
G66	G28	0.20431281235967602
G13	G42	0.20430532503492702
G18	G43	0.20417537658395604
G41	G50	0.20413674076042998
G82	G36	0.204079150612378
G33	G28	0.204046524085437
G31	G28	0.20404526808299697
G53	G72	0.20383748970769197
G8	G54	0.20382931060642603
G71	G15	0.203825024269623
G58	G86	0.203656264335022
G43	G47	0.20361918917739
G58	G68	0.20355173509856198
G84	G34	0.203410724796362
G48	G28	0.20337676446960398
G97	G94	0.20332267384196803
G94	G4	0.20328884624824498
G77	G82	0.203280623363632
G82	G32	0.203139476199212
G60	G18	0.202985426330393
G60	G53	0.20284216240904898
G75	G94	0.202831308238906
G3	G68	0.20278904770808603
G40	G94	0.202753588995249
G22	G43	0.20250557474228603
G88	G51	0.20243697285927198
G13	G85	0.202264715134107
G30	G23	0.202219391742175
G76	G94	0.20219808343372303
G25	G28	0.20201231906703898
G34	G94	0.20196655168258604
G4	G32	0.201959176906263
G72	G74	0.201837177839786
G67	G68	0.201805313743001
G54	G74	0.201737383627517
G17	G28	0.20161480282992103
G59	G37	0.20159950619346698
G89	G94	0.201534230045043
G84	G22	0.20152527656046
G41	G80	0.201336529854758
G84	G23	0.201255919508284
G92	G28	0.201216572138145
G39	G32	0.20113076947156197
G62	G86	0.20081789255608398
G91	G33	0.20069150614436998
G15	G53	0.200580629925777
G62	G36	0.2004999966235
G28	G74	0.20046789175867102
G30	G80	0.200452365450057
G63	G68	0.200383653965269
G55	G87	0.20023796188479998
G51	G86	0.200094505135991
G85	G46	0.20009427293869197
G4	G37	0.19969791497756
G41	G92	0.19964849942916799
G94	G77	0.199605635510195
G16	G88	0.19960190299591601
G57	G16	0.199259206796162
G91	G19	0.19903017723338898
G58	G32	0.19902885974776202
G18	G60	0.19901791866279003
G14	G28	0.198978548050216
G55	G30	0.198976302636755
G82	G28	0.198931723613824
G73	G32	0.19885225215664604
G74	G85	0.19882998104994698
G12	G38	0.19882145218587302
G94	G27	0.19869392567001604
G4	G68	0.19850792546584603
G71	G53	0.19822736063575302
G52	G9	0.198150507585077
G41	G25	0.19814395431753304
G45	G28	0.19800574658087197
G76	G28	0.197908459320192
G50	G42	0.19781686842437
G56	G74	0.197536713754246
G82	G86	0.19742985403244198
G94	G38	0.197410172622582
G94	G91	0.19736051957047498
G91	G26	0.197182783196868
G37	G74	0.19713354654206
G27	G49	0.19711124854436302
G5	G57	0.19709161913467702
G22	G38	0.19702830222281698
G74	G94	0.196994840520011
G97	G28	0.196988635399584
G43	G92	0.19690212910436197
G43	G14	0.19688882621908702
G51	G78	0.19685186897684698
G74	G28	0.19674581883572698
G53	G68	0.19653527896887998
G9	G64	0.196512665463974
G15	G18	0.196467448225649
G83	G78	0.196310401149603
G40	G28	0.19622690561273395
G75	G28	0.19617806367888
G64	G42	0.196161516185746
G21	G94	0.19605165084832502
G85	G62	0.19599022940982896
G34	G28	0.19577144262496102
G81	G94	0.19576120369571898
G85	G89	0.195630735318477
G10	G40	0.19556688453698198
G11	G33	0.19556501498140197
G89	G28	0.19551663468612898
G6	G85	0.195512560111675
G27	G82	0.195453257631028
G13	G74	0.19537156498504898
G12	G4	0.19536865304506498
G5	G13	0.19514977633202502
G82	G42	0.19512457489507198
G49	G78	0.19509996287603
G11	G19	0.195069248594738
G84	G45	0.19494092194374804
G23	G5	0.194785308355065
G68	G8	0.1947132225796
G29	G68	0.19462809058153
G20	G19	0.19456791365505
G90	G11	0.19442569611982397
G86	G94	0.194366395460007
G6	G94	0.19427391776938396
G6	G28	0.194200180688293
G71	G18	0.194058169145097
G69	G94	0.193745820271902
G61	G94	0.193707900470716
G41	G23	0.193522308492405
G18	G77	0.193494620542409
G82	G94	0.193442385686287
G60	G33	0.193366386110279
G30	G14	0.19331746161000798
G1	G49	0.19288745326360102
G94	G83	0.192782734301157
G91	G58	0.192669066637533
G36	G74	0.19259191100061399
G46	G94	0.192516704546817
G52	G12	0.19249035088616898
G18	G27	0.192457397270117
G10	G48	0.19235271402141396
G100	G74	0.19221721460535898
G81	G28	0.19212958327389698
G60	G47	0.19207395592995102
G20	G33	0.19203406721430105
G43	G25	0.19202444247671
G16	G90	0.191904667670439
G11	G26	0.191882567114647
G7	G74	0.19185957031918
G29	G72	0.191843084274748
G64	G28	0.191821498947935
G91	G31	0.19179042369583302
G71	G51	0.19178975048939198
G10	G57	0.19167848204287696
G80	G78	0.191639065822594
G57	G20	0.191557291467292
G5	G48	0.19155516994548
G26	G78	0.19137405589652198
G18	G91	0.191321138374775
G38	G32	0.191269471294118
G19	G78	0.191098036161816
G22	G77	0.19104006196914397
G66	G78	0.191028200440817
G31	G78	0.19095713775328502
G60	G26	0.190826808046597
G33	G78	0.19063804427115802
G44	G85	0.190505867062
G29	G85	0.190430151972511
G22	G27	0.190293564744108
G99	G74	0.190183571647068
G18	G55	0.19011520622161604
G15	G51	0.19003287550752399
G3	G85	0.19000175863297
G94	G55	0.189625744865856
G96	G54	0.18962136887033604
G91	G51	0.18960720213846802
G10	G13	0.18958626232568
G5	G96	0.18956214364867102
G30	G99	0.18950997976559802
G25	G78	0.189235047925029
G30	G92	0.18923145448667197
G24	G74	0.18919555526495102
G88	G33	0.18915831539492997
G60	G31	0.18908973968659198
G21	G28	0.18906016677325196
G44	G42	0.189006387984758
G22	G91	0.18893654287942802
G39	G68	0.188934369730754
G18	G83	0.188918770461149
G64	G94	0.188891042578412
G60	G19	0.18883979323456102
G17	G78	0.18876034596709199
G2	G54	0.18872476898277302
G7	G94	0.188680855064154
G88	G19	0.18866314104809198
G87	G94	0.18862927526746898
G50	G85	0.188509126846566
G47	G42	0.18846580416781797
G48	G78	0.188461713517782
G18	G82	0.188398541672447
G92	G78	0.188380468369648
G43	G44	0.18819990841989004
G63	G85	0.18816432714490897
G77	G15	0.18787400070574303
G49	G79	0.18786003542742002
G32	G29	0.18783820228950698
G28	G94	0.187815747728721
G31	G79	0.187779333184276
G60	G59	0.187717773810748
G20	G26	0.187712367069388
G56	G94	0.187627888656441
G15	G59	0.18753805470158602
G72	G94	0.18741402496685602
G5	G64	0.18734253216874397
G61	G28	0.187332062313121
G46	G28	0.187158746487265
G82	G64	0.18710687889289604
G25	G79	0.18710302432033102
G24	G94	0.18699178846146103
G66	G79	0.186852344626876
G85	G7	0.18681625676506303
G14	G78	0.186666331687115
G26	G79	0.18663613754435898
G83	G79	0.18657701114313396
G37	G94	0.186527326214185
G60	G82	0.186443055894514
G67	G37	0.18639066181977898
G69	G28	0.18634933161834802
G38	G72	0.18621576016097502
G80	G79	0.18610984626569896
G14	G79	0.18606996923073899
G17	G79	0.186009491100543
G86	G28	0.18600557641854
G70	G94	0.185907582609572
G30	G25	0.18570917896929398
G92	G79	0.185648499279027
G45	G78	0.18563951286255498
G33	G79	0.185552854593697
G88	G26	0.185508255774345
G71	G59	0.18545801774051
G11	G31	0.185361924943398
G16	G100	0.185328411181399
G16	G97	0.185178338525929
G3	G42	0.185151895178148
G10	G96	0.18480087282039803
G19	G79	0.18473554660524696
G98	G3	0.184699407915929
G76	G78	0.184670098774034
G97	G78	0.1846267970359
G45	G79	0.184544952892654
G58	G42	0.184530344131733
G12	G49	0.184350232181324
G16	G34	0.184228010900993
G44	G37	0.184010424695745
G40	G78	0.18398974035058901
G75	G78	0.18398660399635502
G54	G94	0.18378311721254698
G67	G42	0.18376613338890102
G23	G3	0.183483770930257
G34	G78	0.183444970013545
G52	G43	0.183364994633612
G5	G88	0.183343789126096
G75	G79	0.183319967686863
G89	G78	0.1831325920805
G97	G79	0.18312113679920602
G22	G83	0.18303834284677398
G40	G79	0.18300122083071002
G41	G97	0.182987588286116
G63	G42	0.18297676508613198
G53	G85	0.18269213805705498
G100	G94	0.182578547557998
G87	G28	0.182449691695921
G10	G88	0.182386076493323
G5	G76	0.182237157210802
G60	G39	0.182225222912186
G74	G78	0.18200851567428
G82	G78	0.18185114897451501
G34	G79	0.18175126598771502
G51	G85	0.181710109517052
G5	G62	0.18165777595741198
G77	G53	0.181589224913122
G67	G85	0.181516873825025
G5	G46	0.181488803358909
G89	G79	0.181098322714663
G47	G28	0.18108891518241899
G62	G72	0.181049653418129
G84	G99	0.181006109908442
G20	G23	0.180962637942863
G16	G7	0.180916492474023
G50	G94	0.18072602877958105
G23	G2	0.18046964088632897
G70	G28	0.18045642723567804
G99	G94	0.180347228237561
G41	G34	0.18031620231744602
G1	G51	0.18028904946406898
G91	G66	0.18027755401423398
G4	G42	0.180273211091532
G1	G15	0.180217102695195
G27	G15	0.18009457983080604
G91	G39	0.18005204830884503
G5	G100	0.17998956803490299
G18	G38	0.179860219431023
G28	G28	0.179850914875267
G72	G28	0.17981804293137602
G58	G28	0.179798963935527
G78	G11	0.179753148514353
G36	G94	0.17967925205788698
G6	G78	0.17957299797522103
G43	G52	0.179533084465713
G98	G2	0.179435738937089
G16	G57	0.179393489333688
G53	G42	0.179333999997516
G47	G94	0.17929023243130804
G86	G79	0.179153927840149
G56	G28	0.179135658639508
G88	G31	0.17912065259903698
G81	G78	0.179040019409343
G64	G85	0.178974545581845
G31	G65	0.17896837587686398
G39	G37	0.178959730608342
G50	G28	0.178929932721025
G7	G28	0.17887314275982297
G76	G79	0.178661578982754
G49	G65	0.17864156600276898
G43	G48	0.178602829337292
G77	G18	0.17853802772348396
G25	G65	0.17841307640880802
G10	G100	0.178367575600785
G91	G23	0.17832833447253102
G5	G89	0.17832028180072895
G37	G28	0.17825952607292897
G21	G79	0.178236184436203
G29	G42	0.17817802890526802
G66	G65	0.177983901611037
G20	G31	0.17790910648201302
G67	G74	0.17776511238862802
G26	G65	0.17771925785950304
G59	G74	0.17758802992394498
G14	G65	0.177578951186472
G21	G78	0.17751034090542897
G13	G94	0.177451649465934
G62	G32	0.177342093871042
G17	G65	0.177314130675188
G41	G99	0.177236186184956
G58	G94	0.177216539004704
G83	G65	0.17717163954007398
G80	G65	0.177134422511218
G73	G24	0.177110155964391
G10	G76	0.177093250096544
G24	G28	0.177071725337018
G30	G73	0.17707143248682397
G54	G28	0.17707060190645396
G22	G55	0.177051216373628
G16	G96	0.176987651935699
G69	G79	0.176986172646143
G92	G65	0.17696977924670604
G7	G79	0.17694887961879605
G52	G82	0.17682466080578196
G85	G75	0.17674989679118105
G41	G22	0.176670421000042
G33	G65	0.17664616408438802
G11	G23	0.17659217626117799
G39	G74	0.176529509323596
G55	G86	0.176423851394534
G41	G64	0.176211338515809
G64	G78	0.176176986832138
G45	G65	0.176075923424192
G1	G53	0.17605524799417302
G18	G4	0.176022807500107
G59	G94	0.17591370702435002
G52	G60	0.17584388022457503
G19	G65	0.175740698775768
G84	G40	0.175692142347737
G24	G79	0.175685046659293
G5	G98	0.175671544094337
G61	G78	0.175654839872876
G60	G66	0.17534594991480001
G38	G68	0.17526101416673
G86	G78	0.175233435506839
G61	G79	0.175191945469061
G69	G78	0.175153661521968
G11	G66	0.17514838787218398
G46	G78	0.1751386962392
G75	G65	0.174946780659575
G48	G79	0.17480733883547
G20	G99	0.174701645477996
G97	G65	0.17467065227341197
G40	G65	0.174608276118
G100	G28	0.17436608610415302
G43	G97	0.17412552367490103
G27	G53	0.17412320535723
G52	G77	0.173860321692142
G10	G51	0.173857174910952
G12	G51	0.173761445758775
G47	G85	0.173730498652267
G56	G79	0.173724649534983
G51	G64	0.173690332835709
G16	G22	0.173568858314282
G82	G85	0.17352620489749201
G3	G37	0.17349674613203
G94	G49	0.17336722838837898
G34	G65	0.173346935805324
G28	G79	0.17297998889767402
G52	G27	0.172908127099207
G89	G65	0.172689118263944
G55	G36	0.172657732613605
G32	G3	0.17265404773544799
G43	G34	0.172629543036601
G52	G55	0.172628312353068
G12	G15	0.172545443536379
G10	G62	0.172506108401445
G90	G9	0.17249347035470802
G37	G79	0.17244508483288598
G46	G79	0.17241691979333598
G99	G28	0.17232368279572
G36	G28	0.17216664956538402
G81	G79	0.172124949457203
G10	G46	0.17207607060360403
G11	G39	0.17205066286644902
G72	G79	0.17200901734769003
G52	G91	0.17196657299437698
G91	G80	0.17194914470220402
G39	G42	0.17192085452001502
G1	G18	0.17180630630349403
G15	G33	0.171786333029975
G15	G19	0.171627736106652
G10	G98	0.17154814101088597
G91	G17	0.171466516263833
G86	G65	0.17142518681487803
G9	G72	0.171338867507298
G16	G47	0.171331728557669
G27	G18	0.171160535575743
G41	G45	0.17114998538509196
G13	G28	0.171121388516015
G87	G78	0.171047697081866
G88	G23	0.17094640212293805
G53	G37	0.170693756677462
G63	G37	0.17064642974409
G87	G79	0.17060889425993497
G20	G66	0.17058381332382802
G11	G58	0.17038210215368396
G52	G83	0.170248951467031
G21	G65	0.17022937966433802
G20	G48	0.169990626715876
G76	G65	0.16996786368788097
G10	G89	0.169836419880256
G4	G85	0.169794859320186
G16	G13	0.169782415403791
G7	G65	0.16968992435528799
G49	G61	0.16968738438872102
G60	G17	0.16965989906175
G30	G97	0.169511054761702
G77	G59	0.169504903929409
G28	G78	0.16935536324391
G88	G66	0.16924538927838798
G31	G61	0.169180689447565
G72	G78	0.16917894288493598
G7	G78	0.16914520226695298
G69	G65	0.16914074237351903
G91	G99	0.169133000217528
G71	G19	0.16908952418157902
G100	G79	0.169035482563853
G71	G33	0.168996758776149
G70	G78	0.168955243506272
G56	G78	0.168917128355911
G83	G61	0.168826862324587
G16	G45	0.16882222422912602
G58	G85	0.168722354147075
G12	G53	0.168691667676334
G24	G65	0.168520097405151
G66	G61	0.168465140356665
G15	G26	0.168428747625046
G25	G61	0.168394655824069
G11	G99	0.168330110326108
G26	G61	0.16831329732172598
G11	G80	0.16827844447248902
G37	G78	0.16799538925680998
G80	G61	0.167926286793225
G2	G32	0.16782640446332098
G9	G74	0.16777507136227202
G30	G34	0.167671138598745
G18	G49	0.167609113847317
G39	G85	0.167577672363621
G30	G44	0.16757437186374
G24	G78	0.167536660269893
G17	G61	0.167506352746844
G90	G12	0.167414847795999
G54	G79	0.16740263504150502
G33	G61	0.167356382890175
G14	G61	0.167282087724304
G74	G79	0.16727473843647303
G61	G65	0.16719579781947302
G20	G80	0.167187763359836
G92	G61	0.16718003600266101
G4	G94	0.167053713794299
G98	G63	0.16702137752792498
G70	G79	0.167002076969573
G62	G68	0.16698914440388501
G99	G79	0.1668580458165
G23	G63	0.16679616123037697
G8	G85	0.16678368813836703
G19	G61	0.166777647193745
G94	G82	0.166749177744315
G4	G28	0.16669646288277698
G47	G78	0.16665883924724
G16	G76	0.166620985817445
G88	G39	0.166615789983453
G9	G36	0.166603987228197
G59	G28	0.166578117772284
G43	G90	0.166331541179385
G56	G65	0.16633050941279298
G57	G29	0.166329996044489
G54	G78	0.16628849400737802
G22	G49	0.166217890885432
G50	G78	0.16607902469642802
G45	G61	0.165998691230074
G71	G26	0.16572939773461098
G48	G65	0.165533441755076
G28	G65	0.16549335079784
G11	G17	0.16543461787341698
G59	G79	0.16539433098689998
G36	G79	0.165227346640621
G58	G78	0.16515316806474098
G37	G65	0.165066915653893
G1	G59	0.164977628076406
G44	G74	0.164924186233849
G75	G61	0.164851425724267
G43	G22	0.164755476100859
G97	G61	0.16473287830819902
G9	G86	0.164727683795115
G6	G79	0.16469964572304502
G88	G58	0.164659143028246
G5	G75	0.164649015306498
G40	G61	0.164580202057441
G30	G50	0.164536156074691
G12	G18	0.164503697724212
G72	G65	0.16448783232502098
G32	G2	0.164481843093001
G100	G78	0.164356901979429
G46	G65	0.164348583430763
G60	G23	0.164229803983333
G90	G60	0.164037129105435
G16	G98	0.163878744942651
G60	G80	0.163848470165962
G51	G79	0.16374643795483998
G81	G65	0.163629468928339
G34	G61	0.16353981855424102
G98	G71	0.16335577255506797
G88	G99	0.163085885120783
G89	G61	0.163002083112468
G55	G54	0.16293654038941502
G87	G65	0.162824649720409
G20	G44	0.162806001803437
G88	G80	0.162713243946215
G27	G59	0.162554735950934
G10	G64	0.162446130274447
G99	G78	0.162377062741256
G15	G31	0.162328184780038
G90	G43	0.16222004662112602
G98	G10	0.16217971149238097
G73	G68	0.162110715346076
G36	G78	0.162106995143621
G43	G88	0.16188311185899
G100	G65	0.16182980668545002
G91	G84	0.16167344019923802
G30	G22	0.161605104917517
G13	G79	0.16143469243134198
G73	G85	0.16139799167839003
G76	G61	0.161270628560915
G77	G51	0.161183003874643
G23	G71	0.161165299489236
G98	G1	0.16115995231211902
G20	G52	0.161152485231554
G2	G24	0.16096718260059303
G18	G51	0.160931367550818
G96	G36	0.16075776571750502
G13	G78	0.160623424680885
G86	G61	0.160592324326572
G21	G61	0.160146164574827
G96	G86	0.160145847292176
G67	G94	0.160143697317442
G43	G45	0.160067356296108
G44	G94	0.160037336092547
G38	G37	0.159989671035345
G88	G17	0.15995076300176903
G54	G65	0.159916565565052
G78	G9	0.15991567726803
G20	G39	0.15974204154046098
G99	G65	0.159728584605415
G38	G42	0.159624167192003
G71	G31	0.15954608714367402
G60	G14	0.15951524660334002
G23	G1	0.15926093437074698
G70	G65	0.159244961119394
G16	G84	0.15912222536241
G69	G61	0.158879636609638
G57	G5	0.15872175569242
G48	G61	0.15870060125896898
G62	G37	0.158672373044597
G59	G65	0.158659785909216
G38	G85	0.15857660306186802
G77	G33	0.158498874288891
G52	G38	0.158305714518162
G74	G65	0.158229027697415
G7	G61	0.158158005374708
G23	G10	0.15814362784476302
G12	G59	0.15809803143610998
G36	G65	0.158046978784697
G20	G17	0.158006240949229
G77	G19	0.157720674060065
G84	G62	0.157597406531026
G94	G15	0.157585961390426
G59	G78	0.15756540262964902
G61	G61	0.15752386204795998
G18	G15	0.15736791080734303
G62	G74	0.157304566316737
G41	G82	0.15728278987254699
G91	G92	0.157276258076072
G24	G61	0.15697712836305402
G30	G45	0.156765908354776
G91	G47	0.156669172869083
G30	G52	0.156607547997709
G73	G72	0.15660365586052696
G95	G16	0.156536791164707
G91	G14	0.156486632603933
G30	G51	0.15640832872988
G50	G79	0.156281346754652
G32	G10	0.15596354532977802
G15	G23	0.155915480309388
G6	G65	0.155755238395939
G56	G61	0.155633322047177
G77	G26	0.155624018109181
G60	G92	0.155531121144943
G43	G57	0.15552775383061698
G81	G61	0.155506146853852
G10	G75	0.15540988908426098
G46	G61	0.155366108766987
G27	G51	0.155345942944416
G85	G64	0.155222420307461
G78	G12	0.155164885266496
G5	G51	0.155130432202686
G28	G61	0.155080608284724
G9	G37	0.15505557832370098
G64	G79	0.15496836427216198
G32	G63	0.154838527373651
G67	G28	0.154660402447935
G43	G50	0.15464194086973002
G37	G61	0.15452336008525197
G52	G51	0.154420940180912
G32	G71	0.154316169595897
G72	G61	0.15430640469733098
G9	G32	0.154292715663906
G13	G65	0.15419113437702098
G82	G79	0.154177729608683
G4	G78	0.15413927131205402
G18	G53	0.15407083992096
G96	G72	0.153916301335883
G41	G40	0.15385963689896098
G71	G23	0.153846170601737
G15	G66	0.153616061690923
G90	G77	0.153473740288125
G11	G44	0.15347357144764098
G43	G100	0.15347063667330602
G87	G61	0.15343354166060402
G60	G73	0.153398311709465
G60	G99	0.153381893786292
G8	G6	0.153207876318754
G91	G25	0.153158397801757
G51	G65	0.15305042179274403
G9	G68	0.152895769609917
G91	G44	0.15286180234634197
G60	G25	0.152766420231311
G90	G27	0.15272893230756698
G3	G94	0.15256717056622102
G8	G68	0.152526424721173
G39	G94	0.152487575896474
G30	G90	0.152454846579191
G84	G90	0.15241399146471601
G52	G4	0.152304849109115
G44	G28	0.15218715245071898
G74	G61	0.15206246396698903
G94	G53	0.15199433129898302
G62	G42	0.151931134662421
G43	G96	0.151911032537397
G32	G1	0.151856961958171
G90	G4	0.151845858809998
G27	G33	0.15179158009575197
G11	G92	0.15177240506369197
G90	G91	0.15171941855340498
G29	G37	0.151597942601156
G30	G41	0.151479743495344
G100	G61	0.15143485743165697
G71	G66	0.15117894007323598
G27	G19	0.15108993371539098
G51	G61	0.151047359457815
G11	G48	0.15099995080216597
G77	G31	0.15078519842259
G38	G74	0.150525257152966
G30	G48	0.150492714363136
G95	G20	0.15047458937479502
G52	G49	0.150407284590629
G41	G44	0.150393291009979
G70	G61	0.150391570232278
G15	G39	0.150357343296066
G54	G61	0.150355800843342
G63	G94	0.15031078033713
G18	G18	0.150076940735245
G43	G13	0.15004215423189302
G16	G40	0.149987315690734
G49	G93	0.149894682793553
G6	G61	0.149774454450384
G78	G43	0.14967263573035902
G94	G18	0.149618500740667
G99	G61	0.14950962863953102
G53	G94	0.14947223536504098
G90	G38	0.149402003028061
G44	G79	0.14934902644576
G31	G93	0.149260771862494
G78	G60	0.149229331123092
G83	G93	0.149225995355423
G11	G14	0.149154199151355
G27	G26	0.14902316221417902
G15	G99	0.148903408960069
G47	G79	0.14887804905706697
G39	G28	0.14875127644049202
G88	G44	0.148747020698827
G90	G83	0.148697142467505
G66	G93	0.14866698418808802
G25	G93	0.14859175255988
G26	G93	0.148576419429541
G73	G42	0.148527086156939
G11	G52	0.148426533808362
G84	G44	0.148355612142482
G80	G93	0.148275813773485
G50	G65	0.148206889086685
G1	G19	0.148194984115809
G36	G61	0.148149910273243
G15	G80	0.147972405442099
G62	G85	0.14782984861286902
G17	G93	0.14780442426219598
G59	G61	0.147801718538209
G10	G7	0.147774958974155
G33	G93	0.14777125977142702
G84	G89	0.147689946620556
G22	G15	0.147606070468801
G14	G93	0.147556657244168
G1	G33	0.147522481915517
G92	G93	0.14751801426312197
G53	G74	0.14738455044537802
G19	G93	0.147301377984459
G11	G25	0.147256366649117
G20	G88	0.147217969533302
G90	G55	0.14710469736828302
G71	G39	0.147055627985446
G71	G99	0.146984082318193
G84	G13	0.14690353704676198
G88	G92	0.14674388593512802
G91	G48	0.14667640978417099
G84	G46	0.146539451980062
G91	G52	0.146432887702497
G45	G93	0.146417282553422
G41	G90	0.146262428946479
G3	G79	0.14626071690086498
G88	G48	0.146119136686936
G64	G65	0.145827740492461
G71	G80	0.14576712412013598
G58	G79	0.14575809256438402
G5	G7	0.145567186124867
G55	G24	0.145551205948268
G3	G74	0.14545781259047302
G57	G3	0.14539307370407
G75	G93	0.14538888645981698
G97	G93	0.145351362759286
G67	G79	0.145217414716199
G40	G93	0.145183348953705
G67	G78	0.14511353205705
G96	G32	0.14511096231530599
G15	G58	0.145098296446274
G13	G61	0.14505994806035
G20	G92	0.145038509750895
G65	G16	0.14498407832790197
G85	G87	0.144967982260026
G15	G17	0.14485684567768
G63	G79	0.144548573618175
G1	G26	0.144525617492363
G82	G65	0.144450376694836
G18	G59	0.14444810531079003
G27	G31	0.14433538671826698
G34	G93	0.144289583021292
G88	G14	0.14428194525424498
G43	G76	0.14416844097373402
G77	G58	0.14405058785741298
G65	G5	0.143918322360797
G89	G93	0.143821057771734
G88	G52	0.14378538718767003
G44	G78	0.14369925197796302
G16	G46	0.14338842051853198
G84	G75	0.143295846139368
G44	G65	0.14313292489547902
G3	G28	0.142989803842879
G43	G40	0.14284149615873
G16	G50	0.14278468251685097
G52	G15	0.142740154977465
G84	G57	0.142607117075837
G30	G57	0.142580665262594
G76	G93	0.142450463083019
G88	G25	0.14244415434458302
G4	G79	0.1423993634181
G71	G17	0.142227723610797
G57	G2	0.14219828919464403
G77	G66	0.142165537852634
G77	G23	0.14215281504368
G63	G74	0.14197238657790198
G82	G61	0.141760740643673
G64	G61	0.14175862707618397
G94	G59	0.141729517029552
G53	G79	0.141697995699552
G78	G77	0.141662869823018
G12	G19	0.141652860234554
G96	G74	0.14163597606974698
G50	G61	0.141604684446669
G86	G93	0.1414418522521
G55	G32	0.141329792674544
G21	G93	0.141168337545264
G78	G27	0.140962243259776
G12	G33	0.140954229816172
G53	G28	0.14090578378061902
G43	G98	0.14077092973666
G29	G79	0.140768136038737
G22	G53	0.14075358721419
G8	G42	0.14074259219447302
G22	G82	0.140729797461174
G3	G65	0.14064078818474401
G63	G28	0.140591454829048
G77	G39	0.14058611980193303
G48	G93	0.140466538775767
G52	G53	0.140408920040468
G47	G65	0.14034707934784302
G43	G7	0.140335946416876
G30	G40	0.140284535677246
G22	G58	0.14020562743232098
G30	G88	0.140192612906206
G2	G68	0.14010150510186403
G78	G91	0.140088744344776
G69	G93	0.140027772134538
G96	G68	0.139808301989461
G22	G18	0.139655928658729
G30	G13	0.139648091105129
G85	G30	0.139598425739055
G60	G97	0.13959687942080098
G71	G58	0.139355622491281
G20	G25	0.13925041439635
G65	G20	0.139236322163909
G7	G93	0.13916942249483802
G98	G11	0.139142573031275
G63	G65	0.139051542727821
G61	G93	0.13893480421705098
G39	G78	0.138910432954461
G16	G24	0.13889083758390303
G9	G42	0.1387657634751
G91	G97	0.138670213674393
G67	G65	0.138645794793917
G43	G73	0.138515708103535
G8	G56	0.138465916948929
G1	G31	0.13845563275836098
G2	G72	0.138435465011296
G24	G93	0.13811505437736402
G30	G96	0.13810323321703302
G38	G94	0.138093579452494
G60	G34	0.13807046672594
G35	G16	0.13806389330745
G12	G26	0.138029587161128
G41	G13	0.137956202925489
G23	G11	0.13794105242316598
G60	G50	0.137917319125259
G78	G83	0.137595315767873
G29	G94	0.13757649164153601
G91	G34	0.13755237050809
G20	G14	0.13749261095625598
G81	G93	0.137408047881354
G27	G58	0.137226723083516
G58	G65	0.137202364721804
G11	G47	0.13713804961898599
G78	G55	0.137121331083751
G46	G93	0.137022470174486
G56	G93	0.137014719616596
G96	G37	0.136930015342
G41	G62	0.13683284671739998
G41	G57	0.13682647951833699
G2	G85	0.136788511164027
G20	G7	0.136721765512204
G28	G93	0.13660224794338002
G29	G65	0.136455289596136
G52	G18	0.136288727500995
G27	G23	0.13624577368593901
G77	G80	0.136147791360522
G15	G44	0.136132311263122
G27	G66	0.13612108225751
G53	G65	0.136073500107309
G37	G93	0.136060555150369
G20	G90	0.135999817613776
G16	G89	0.13594446770172
G72	G93	0.135944241128577
G47	G61	0.135901994370271
G78	G4	0.135893250587328
G39	G79	0.135829968020035
G1	G23	0.135784576301958
G3	G78	0.13574748385174698
G11	G84	0.135489941477754
G78	G38	0.13546812910884
G30	G100	0.135420737118533
G87	G93	0.135298671539949
G77	G99	0.13521046714769
G62	G94	0.13509564833074
G20	G100	0.135032382268018
G60	G44	0.135006398603558
G4	G65	0.134758684555952
G15	G48	0.134752407414674
G74	G93	0.134656778986026
G77	G17	0.134652371507547
G71	G44	0.134588998849587
G11	G88	0.134491546519631
G27	G39	0.13448785667971802
G51	G93	0.13443025707904802
G91	G90	0.134267883498028
G71	G48	0.134154529721118
G41	G52	0.133977809182577
G84	G96	0.133973744766795
G90	G82	0.13383088276065302
G94	G33	0.13377122823862198
G44	G61	0.133643923289823
G63	G78	0.133604849665035
G53	G78	0.133519722088804
G60	G22	0.13337697339631402
G100	G93	0.133331975946529
G58	G61	0.133268501634604
G90	G49	0.13324218014463698
G15	G92	0.132904870033892
G11	G90	0.132891663383373
G11	G97	0.132814441647718
G94	G19	0.13280278349431499
G35	G20	0.13269241633435902
G38	G28	0.132685439768288
G6	G93	0.13263850448915698
G70	G93	0.13263507644504902
G88	G47	0.132574653808137
G54	G93	0.132539260147377
G91	G88	0.13223009269309402
G12	G31	0.132116356398041
G15	G52	0.131976883949548
G8	G72	0.131946442433157
G11	G34	0.131926845745089
G62	G28	0.131925501934036
G30	G76	0.13188786161732302
G57	G63	0.13185982494802498
G52	G59	0.131838673571504
G41	G46	0.131814296349552
G1	G66	0.131682683231756
G99	G93	0.13163898960745302
G43	G46	0.131348403475278
G41	G89	0.13134505709417602
G94	G26	0.131340493491009
G84	G76	0.131274369162735
G43	G41	0.131107150697519
G91	G22	0.13098661766495698
G71	G52	0.13080702379042303
G88	G84	0.130795650016979
G22	G59	0.130684564032252
G67	G61	0.13054529297623402
G36	G93	0.130520299989916
G71	G92	0.130493279485702
G32	G11	0.130466521404345
G27	G80	0.13041471052003
G3	G61	0.130334688139154
G41	G96	0.130292697871702
G88	G88	0.13021955667256502
G15	G14	0.130176340360247
G1	G99	0.13016058533556202
G59	G93	0.130011968836539
G9	G85	0.129975895507176
G12	G23	0.129964298550571
G94	G51	0.12971730745716697
G9	G94	0.129662758295698
G27	G99	0.129619177248348
G9	G28	0.12955554052808302
G4	G61	0.129431852194801
G60	G45	0.12938573116779
G39	G65	0.12935676175423802
G22	G33	0.129173344178375
G95	G29	0.129098533440635
G78	G82	0.12904468654082699
G27	G17	0.128885753203724
G15	G25	0.12885355191083198
G60	G41	0.128850319775318
G18	G19	0.12882488593716002
G95	G5	0.128786254375386
G63	G61	0.12873201437399198
G16	G62	0.128625954719238
G88	G90	0.12861837404523
G5	G30	0.128552623234088
G88	G97	0.128509218505517
G2	G42	0.128247660684225
G57	G71	0.12810570955891498
G30	G98	0.128068105641991
G18	G33	0.128057226258815
G13	G93	0.127850930021649
G1	G80	0.12762444176725402
G88	G34	0.12760121006190303
G94	G31	0.127525558885377
G71	G14	0.127355290645639
G5	G87	0.127340897917787
G91	G45	0.127296542412422
G20	G57	0.12711166599847698
G22	G26	0.127063514484771
G96	G42	0.12705212510618
G22	G19	0.127025582894791
G43	G89	0.12680714628763598
G1	G39	0.126565247535227
G84	G52	0.126507035664997
G57	G1	0.12649721889152
G53	G61	0.126477978357248
G57	G10	0.126377089443619
G71	G25	0.126332042003194
G84	G86	0.126312707149973
G41	G76	0.126251558411439
G51	G6	0.12622432527679903
G20	G96	0.126212625254704
G38	G79	0.126181521734908
G82	G93	0.12608384392358502
G94	G58	0.126051572855729
G11	G100	0.12594048146068
G64	G93	0.125829279624488
G12	G66	0.125704785326392
G60	G52	0.125668999075272
G30	G46	0.125666802732187
G91	G57	0.125541406048165
G18	G26	0.125335009348935
G50	G93	0.125271781659465
G11	G22	0.12498863903661901
G91	G100	0.124889790696769
G38	G78	0.124872487791548
G22	G31	0.12469819281346001
G12	G99	0.124688210462159
G22	G84	0.12457037321202999
G8	G51	0.12440464788038601
G85	G24	0.124360496722813
G84	G98	0.124308817422792
G11	G57	0.124241746742378
G29	G61	0.124236937077524
G20	G97	0.12419888505327199
G43	G62	0.124130787787561
G41	G75	0.12405386297053698
G29	G28	0.123912092868907
G98	G9	0.12388446902732499
G60	G90	0.123872323220122
G20	G34	0.12387203841109899
G10	G87	0.12356743107646902
G77	G92	0.123519579788032
G23	G9	0.12337219030038
G1	G17	0.123279152662669
G62	G78	0.123161591190634
G30	G62	0.12309285721759901
G91	G96	0.12283934233959401
G78	G49	0.12282259207257598
G77	G44	0.122819156252595
G30	G89	0.122772033511333
G8	G24	0.12262914447292501
G39	G61	0.12250519565474599
G90	G15	0.12211158978288099
G88	G100	0.12206766091933399
G11	G96	0.12206385687494198
G77	G14	0.12200751382867901
G12	G80	0.121958727017214
G55	G72	0.12178427629665699
G85	G54	0.12177605295390799
G10	G30	0.12163125196161699
G11	G45	0.121519197820634
G96	G85	0.121506110801733
G1	G48	0.12137678257123301
G41	G98	0.12086676979569001
G55	G68	0.120849366645556
G73	G37	0.12083646453024902
G12	G39	0.12081765406065302
G88	G22	0.12081764767975099
G91	G13	0.12072160628398801
G38	G65	0.12061252870560801
G20	G58	0.12054420589493099
G47	G93	0.12052975609554901
G91	G50	0.12051158463663
G16	G74	0.12034403523536802
G98	G12	0.12029125102934901
G88	G57	0.12025832062805099
G62	G79	0.12004148188259199
G23	G12	0.120023521823816
G77	G25	0.12001262218322901
G94	G66	0.11998713185750501
G60	G48	0.11995198680059
G9	G78	0.119935676793842
G1	G44	0.11987276651799099
G18	G31	0.119776499707095
G11	G7	0.11975142502692901
G94	G39	0.11970961581916198
G29	G78	0.11967514451682901
G15	G88	0.11965840841544001
G77	G48	0.11962339044264
G94	G23	0.119335811325872
G22	G39	0.119297197592891
G41	G100	0.11891090319714699
G84	G36	0.11883668477050001
G20	G13	0.118810928042404
G71	G88	0.11875556398882499
G11	G13	0.11854774312449601
G18	G23	0.11846724832517401
G77	G52	0.118312635953879
G60	G51	0.118306086980011
G58	G93	0.118290795550796
G90	G53	0.11823706111581199
G20	G76	0.118233840101061
G27	G92	0.11823243816100201
G35	G5	0.118199148648389
G88	G96	0.11812654446076401
G41	G88	0.117825903207019
G27	G44	0.117796735888709
G41	G48	0.117720736279673
G12	G17	0.117661686935276
G44	G93	0.117592121376199
G88	G45	0.11746782027392
G73	G79	0.117419507278524
G77	G84	0.11736259549987199
G15	G90	0.117299641687792
G1	G52	0.117220781968551
G5	G86	0.116951371327901
G79	G16	0.116850497979075
G20	G98	0.11679807659758301
G27	G14	0.116714442838703
G30	G7	0.11659820110004801
G12	G48	0.116476653496581
G77	G47	0.11646590070544999
G91	G76	0.116419490418595
G15	G47	0.11641230681961098
G22	G66	0.11634361252069199
G15	G97	0.11610725152975
G90	G18	0.11608669319147401
G88	G7	0.116021549268948
G60	G57	0.115839835970767
G60	G40	0.115792378313746
G71	G90	0.115752841274016
G16	G75	0.11572760387385499
G52	G19	0.115725888462835
G55	G85	0.115713710411473
G98	G43	0.11569930790687401
G96	G94	0.115605629534944
G20	G22	0.11557822930841699
G91	G7	0.115575404603542
G22	G47	0.11538341125176599
G32	G9	0.115360632495038
G15	G34	0.115348562383806
G11	G76	0.11530387449639098
G67	G93	0.11508563898803
G84	G100	0.11507068481812001
G12	G44	0.11493496888831402
G88	G13	0.114901555546657
G27	G48	0.11489102893071199
G27	G25	0.11485838899267901
G94	G80	0.11467290203592401
G52	G33	0.114574484693366
G4	G93	0.11455250767103302
G3	G93	0.114499246625532
G98	G60	0.11439220099097801
G32	G60	0.114348337838774
G62	G65	0.114282662862998
G95	G3	0.114234559239635
G73	G65	0.114218050992087
G96	G28	0.114132493979158
G18	G66	0.11407753799974099
G23	G43	0.114048983948298
G94	G17	0.11403064579043401
G91	G98	0.113816289067681
G18	G99	0.113802559695149
G5	G36	0.113752916603544
G78	G15	0.11369897186163001
G71	G97	0.11368937303502301
G60	G13	0.113633717147154
G27	G52	0.11353888299860401
G91	G40	0.11352169320285302
G94	G99	0.11339203559473401
G38	G61	0.113247193529376
G15	G84	0.11319461143212499
G1	G92	0.11312491458843901
G63	G93	0.11307686174704303
G11	G98	0.113062283381705
G71	G34	0.11303448836695401
G20	G45	0.112542543019194
G1	G58	0.11244630819109101
G12	G52	0.11244135923732002
G60	G88	0.112375166851702
G79	G20	0.11230212595391599
G22	G23	0.11226146650004
G23	G82	0.11216898572081599
G60	G96	0.112038608785548
G85	G86	0.112035455796426
G35	G29	0.11198276056826402
G52	G26	0.111972539555477
G43	G75	0.11189249167266302
G22	G17	0.11185037257794199
G15	G100	0.111847635686016
G32	G12	0.11165191761136699
G73	G94	0.11162890150628099
G88	G76	0.111546709522062
G27	G84	0.11148988235414199
G71	G47	0.11143944999293501
G85	G36	0.111405022383481
G53	G93	0.111181443076235
G8	G79	0.111111892456236
G95	G2	0.11103523929349801
G30	G75	0.111032900202612
G27	G47	0.110888218243565
G18	G80	0.110870157563792
G71	G100	0.110688755930622
G78	G53	0.1106097805115
G55	G42	0.110483724288754
G90	G59	0.110423185035297
G8	G65	0.110019759009254
G32	G4	0.11000635857529599
G22	G80	0.109936174624799
G2	G37	0.10969516980213599
G15	G57	0.10966779244078599
G9	G79	0.109662638838661
G98	G77	0.10956802115663601
G16	G87	0.10951731563441001
G65	G29	0.109503240236457
G88	G98	0.10948200719408098
G32	G43	0.109450793478404
G1	G14	0.10941431934716199
G84	G88	0.10941378686770899
G18	G39	0.10940765277621099
G57	G11	0.1094036456608
G11	G50	0.10923304396594802
G1	G25	0.109232151936937
G15	G22	0.10904995600445601
G98	G27	0.10900535007406299
G60	G100	0.108855106663859
G20	G24	0.108769385027673
G29	G93	0.10865089644856099
G23	G60	0.10859860654949499
G84	G30	0.10853351214934401
G77	G97	0.10840831388542999
G29	G56	0.10839139113900999
G98	G91	0.108338312050782
G62	G61	0.108291146220526
G78	G18	0.10821191984316801
G23	G77	0.10821015527180498
G71	G57	0.10820846547335199
G11	G40	0.10817863218464699
G93	G16	0.10811673762528
G39	G93	0.10811086849918598
G12	G92	0.107974501476742
G23	G55	0.10792086032713599
G15	G96	0.10786494591914099
G77	G34	0.10763174486435
G23	G27	0.107590172467018
G84	G82	0.107464809279975
G52	G23	0.10724830491596099
G60	G76	0.107207871214849
G90	G51	0.10717648858810902
G15	G7	0.107110991002362
G71	G84	0.10708960871322198
G77	G88	0.107069039091182
G77	G90	0.10700259099558501
G23	G91	0.106993263612576
G18	G48	0.106840962108936
G71	G22	0.10683310205601801
G71	G7	0.10668809111082
G18	G17	0.106669459656026
G98	G83	0.10666084436894901
G1	G88	0.10664590660758698
G98	G55	0.106641748217192
G71	G96	0.10653926808894601
G52	G31	0.10641691198628801
G12	G58	0.106340053303688
G23	G83	0.106173350854932
G96	G78	0.106128211434107
G78	G51	0.106107117392039
G15	G45	0.10605942779642802
G22	G99	0.10581527320738
G10	G86	0.10573046293807199
G65	G3	0.10565376273305802
G82	G6	0.10562685732847599
G88	G50	0.105587772662894
G18	G44	0.105077597179407
G91	G46	0.10502424166564699
G32	G38	0.10477818537108802
G94	G84	0.104687008381759
G88	G40	0.104625879140091
G94	G92	0.10459816160423402
G29	G74	0.104517032046
G15	G13	0.10449063255433198
G12	G14	0.10435918448011301
G12	G25	0.10426266105638901
G93	G20	0.10392177980738901
G10	G36	0.103903085072444
G22	G14	0.10388797562335002
G71	G45	0.103877426497964
G94	G14	0.10387241887240001
G42	G8	0.103840894424571
G60	G98	0.103824532555651
G27	G97	0.10373497445806
G98	G38	0.10369175000791099
G9	G65	0.103668771603851
G60	G46	0.103500124051694
G78	G59	0.10344893117757802
G52	G99	0.103422246870362
G32	G77	0.10333823303463699
G95	G63	0.10330643703028802
G73	G61	0.10309806250899801
G98	G4	0.10302785934430499
G27	G34	0.10299690600227
G18	G52	0.102939071758253
G32	G27	0.102907002104393
G71	G13	0.102780171927971
G5	G54	0.10276582315027301
G27	G88	0.10276400798020599
G94	G44	0.10269657117937402
G22	G92	0.10257132373713801
G27	G90	0.10255275058572698
G90	G33	0.10253462560987599
G98	G82	0.10241415867308098
G94	G47	0.102343591720195
G91	G73	0.10229592703911601
G12	G88	0.102287262579765
G77	G22	0.10223457429324198
G32	G91	0.10219086874590701
G90	G19	0.102157232589519
G1	G90	0.10212674255261
G16	G41	0.10203128259747699
G94	G25	0.10183006447672502
G15	G76	0.101781152611684
G52	G66	0.10174580149871601
G11	G46	0.101646932483125
G60	G62	0.101609722629658
G2	G79	0.10131467451217599
G84	G48	0.101303607345891
G10	G54	0.101191285356865
G91	G89	0.101112861696721
G60	G89	0.10107546263929301
G16	G54	0.101037889007733
G95	G71	0.100998866857139
G35	G3	0.10072712424296301
G90	G26	0.10061488998233
G77	G100	0.10060757222221699
G71	G76	0.100477829587051
G22	G25	0.100474635972853
G96	G79	0.10040410470415302
G43	G24	0.100382119502164
G95	G10	0.100255933488885
G77	G57	0.100040463293966
G15	G98	0.0999357308234522
G91	G41	0.0998872750826457
G38	G93	0.09979696679988301
G20	G74	0.0997529835097828
G20	G40	0.0996627699633934
G95	G1	0.0996459894108806
G9	G61	0.0995982416723686
G79	G5	0.09956623301923899
G52	G80	0.09947637949943401
G77	G45	0.0993511821521527
G2	G94	0.0993343278108723
G32	G83	0.0993265712410663
G73	G56	0.0992920727660819
G22	G51	0.0992570882030998
G68	G16	0.0991001235575568
G52	G48	0.0990631512166371
G23	G51	0.0989569239595076
G94	G48	0.0988753161032277
G1	G100	0.0988618722351324
G8	G21	0.0988009589096728
G55	G37	0.0987862526985656
G65	G10	0.0987578852624222
G30	G64	0.0987280840598456
G71	G98	0.0986446962944041
G94	G52	0.0985121030726993
G73	G28	0.0984422981393282
G91	G62	0.0984371591274303
G31	G70	0.0982225473691659
G2	G65	0.0981731658034041
G65	G2	0.0981338488908318
G77	G96	0.0981146774314457
G25	G70	0.0980686773171599
G1	G97	0.0980280160684047
G41	G86	0.0980230955903074
G88	G46	0.0980066934803539
G20	G46	0.0979662948784918
G14	G70	0.0979529107423106
G18	G92	0.09789230503504401
G27	G22	0.0977864917579373
G12	G90	0.0977330528562336
G23	G38	0.0976596141181363
G57	G9	0.0976200003410434
G1	G34	0.0975599054227415
G66	G70	0.0974518961713818
G17	G70	0.0973732737308454
G90	G31	0.0973102976347969
G7	G21	0.097265519131898
G43	G87	0.0972312547403883
G49	G70	0.0972033796320105
G26	G70	0.0971892717381384
G92	G70	0.0971653991132578
G11	G89	0.0971540334539722
G85	G32	0.0971256257489527
G35	G2	0.0970541702752128
G24	G21	0.09703372877998499
G45	G70	0.0969921515457803
G1	G7	0.0968891920560903
G84	G87	0.0967718592608509
G32	G55	0.0967609643322724
G80	G70	0.0966507331998111
G52	G39	0.0965152568428848
G27	G100	0.09651249140244199
G33	G70	0.0965024616376081
G75	G70	0.0964309892264957
G85	G72	0.0963695826110434
G40	G70	0.0961806771238651
G73	G78	0.0961770775040438
G97	G70	0.0961162371374151
G52	G44	0.0960660182315847
G27	G57	0.0958795979441468
G83	G70	0.0958679352632031
G77	G13	0.0957487827659242
G19	G70	0.0957301139632772
G65	G71	0.0956885324435139
G62	G93	0.0955971264299403
G86	G70	0.0954718205472975
G1	G57	0.09546397322199801
G8	G61	0.0954116896123528
G41	G30	0.0954105429489256
G34	G70	0.0953516144237649
G96	G65	0.0952887117144659
G68	G20	0.0952796651236691
G7	G70	0.0951657894879332
G27	G45	0.0950473940816395
G16	G30	0.0950257128388267
G98	G49	0.0949913805638481
G79	G29	0.0949220449685761
G57	G12	0.0949187118917201
G89	G70	0.094890550193011
G24	G56	0.0948807769386112
G12	G100	0.0948197594875067
G52	G17	0.09469942196078801
G52	G52	0.0946503844869134
G24	G70	0.0946387420582944
G77	G7	0.0946282053632577
G7	G56	0.0946096673706586
G18	G25	0.0944834730530556
G51	G69	0.0944672765315835
G22	G44	0.0944383483555687
G18	G14	0.0944059397260349
G18	G58	0.0944032310932995
G15	G40	0.0944009342200673
G86	G21	0.0942910959036862
G78	G33	0.0942645279687309
G78	G19	0.0942554773130811
G1	G96	0.0942522979899741
G21	G70	0.0940611454080797
G27	G96	0.0940597483528974
G88	G89	0.093934167262806
G65	G1	0.0938731242578125
G65	G63	0.0937898521514111
G41	G36	0.0937895016096682
G15	G50	0.0937847422018226
G18	G88	0.0936708879135343
G69	G70	0.0936619874397641
G23	G49	0.0936222297212265
G12	G97	0.0935572248425574
G11	G62	0.0933172265195213
G29	G21	0.0931810807867203
G10	G24	0.0931402564212042
G12	G34	0.09309625648517401
G23	G4	0.0930811114908575
G12	G7	0.0930692115690785
G14	G21	0.0929346024482316
G20	G47	0.0928401583497311
G56	G70	0.0928212302885874
G77	G76	0.09280476468019301
G76	G70	0.0925080065898309
G56	G21	0.0924950864017624
G60	G7	0.0923902860046898
G78	G26	0.0923758954053081
G71	G40	0.0923617873671966
G90	G23	0.0923313084814003
G16	G72	0.0921810783656759
G94	G97	0.0921513538391407
G61	G70	0.0920403484428808
G28	G70	0.0920161270382614
G37	G70	0.0919589725995448
G60	G75	0.0919345457467527
G90	G66	0.09185305335866499
G1	G22	0.0918425060461327
G25	G21	0.0917818347797053
G27	G13	0.0917253468437826
G20	G89	0.0917090581901546
G45	G21	0.0916030970646472
G22	G97	0.0914947651380835
G5	G32	0.0914889565870504
G75	G21	0.0914318792353176
G59	G21	0.0914292942259265
G37	G21	0.0914077357645299
G94	G34	0.0914007956705618
G12	G57	0.0913616342919925
G77	G50	0.091358508994735
G16	G37	0.0913013840902313
G72	G70	0.0912807224159665
G90	G58	0.0910999244197863
G31	G21	0.0910156829122182
G40	G21	0.0909338636062663
G27	G7	0.0908974327871631
G96	G61	0.090893203471703
G77	G98	0.0908856213851801
G69	G21	0.0908836408935317
G30	G87	0.0908553443383652
G28	G21	0.0907915630039423
G35	G63	0.0907623040852299
G57	G43	0.0906827991396562
G71	G50	0.0906793514680785
G90	G39	0.0906059882503231
G17	G21	0.0905845537040637
G22	G34	0.0905292958889878
G97	G21	0.0904472083933232
G92	G21	0.0904092013685562
G41	G87	0.0903824207327927
G88	G62	0.0903710246246548
G21	G21	0.0903327774340159
G12	G96	0.0902238861445429
G1	G13	0.0901979523093868
G46	G70	0.0901876542983834
G100	G70	0.0901587259648509
G93	G5	0.0901202073243644
G73	G93	0.090060147049354
G85	G68	0.0899672313783656
G100	G21	0.0899038768560088
G32	G49	0.0898379118212805
G94	G90	0.0898253746683281
G43	G30	0.0897271234017759
G2	G28	0.0897004074883032
G87	G70	0.0896024437583132
G34	G21	0.0895533672543085
G59	G56	0.08955183727899801
G35	G10	0.0895292840606717
G2	G61	0.0894970287526085
G35	G71	0.0894811993414609
G11	G24	0.0894661580513414
G66	G21	0.0894631447257886
G72	G21	0.0894373593510696
G1	G45	0.0893443231575125
G23	G15	0.0891772039483453
G22	G52	0.0890782528325799
G18	G90	0.089070220733584
G1	G47	0.089052684338871
G59	G70	0.0890078518289739
G94	G88	0.0889754395287849
G27	G76	0.08895936212422198
G15	G46	0.0889239390883349
G78	G31	0.0889095123659674
G99	G70	0.0889007193763694
G89	G21	0.0888402228100556
G26	G21	0.0887575326063621
G91	G75	0.0887068659049234
G1	G76	0.0886987603347946
G81	G70	0.0886981634010438
G93	G29	0.0886644159156092
G99	G21	0.0885562356016598
G8	G94	0.0885481002467022
G77	G40	0.0884961607566796
G48	G70	0.0884192105387
G98	G15	0.0883754632747654
G9	G93	0.0883577733453476
G54	G70	0.0883501427050245
G55	G94	0.088211192774129
G35	G1	0.0881828413626665
G90	G80	0.0881434268118861
G5	G24	0.0880501400837324
G90	G99	0.087959977942991
G36	G70	0.0878958836029186
G23	G53	0.0878716580127403
G57	G60	0.0878455641769035
G33	G21	0.0878328139502272
G30	G30	0.0877035085090357
G71	G46	0.0876392729355163
G80	G21	0.0876100286640049
G60	G64	0.0876039855719715
G12	G22	0.0875501721013147
G61	G21	0.0874657793611639
G70	G70	0.0874369058268029
G55	G79	0.087283944304054
G1	G98	0.0872491362714999
G84	G6	0.0872166147879342
G63	G56	0.0872120395451413
G27	G50	0.0871401807818708
G27	G98	0.0871253713111846
G41	G7	0.0870895054913617
G86	G56	0.08701579693644501
G3	G56	0.0869277284385137
G52	G92	0.0869248748298377
G94	G22	0.0869165954126515
G90	G17	0.0868941445795784
G22	G48	0.08686936434735698
G8	G37	0.0867933498020864
G18	G100	0.0867509151831401
G88	G24	0.086721850340456
G22	G22	0.0867097454204073
G49	G21	0.0866990480750322
G56	G56	0.0866147764990568
G2	G78	0.0865073873510405
G36	G21	0.086417927811837
G12	G13	0.0863405471720435
G52	G88	0.0862659698799699
G10	G32	0.0861621720533809
G98	G53	0.086157893958435
G95	G11	0.0860420881661192
G19	G21	0.08604056971803199
G57	G77	0.0859736067125043
G78	G23	0.0858159756707473
G98	G51	0.0855106374559276
G57	G27	0.0855009338999813
G18	G7	0.0854949083810913
G82	G69	0.0852955943001245
G54	G21	0.0852439484279139
G79	G3	0.0852357410046043
G23	G18	0.0852104223113414
G22	G50	0.08520298967289601
G12	G45	0.0851884285440494
G57	G82	0.0851728500587784
G20	G50	0.0851649674778917
G37	G56	0.08515852554940401
G87	G21	0.0851584470248779
G13	G70	0.0850951910512649
G43	G54	0.0850883685027551
G57	G91	0.0849994371862443
G11	G41	0.0849823712723139
G15	G89	0.0849722115833459
G22	G73	0.0848778468867939
G12	G76	0.0848735956291926
G57	G55	0.0848120468935156
G18	G97	0.084730501446286
G27	G40	0.08465877510162599
G20	G62	0.0845876910709704
G22	G90	0.0845624202655929
G3	G21	0.0845011904827847
G94	G45	0.0844663095860044
G18	G34	0.0843180352005037
G55	G65	0.0842648759064087
G22	G45	0.0842440983332384
G78	G66	0.08420363402290201
G98	G18	0.0841763622866014
G63	G21	0.0841495346861952
G12	G47	0.0841317221421801
G100	G56	0.0841264008528798
G57	G83	0.0840631219306494
G74	G70	0.0840601098200985
G11	G75	0.0840268742770772
G94	G57	0.0839937109786638
G94	G100	0.0839833848252488
G91	G24	0.0838174961231605
G46	G21	0.0837306719743229
G52	G25	0.08370719265328501
G12	G98	0.0835473400063337
G28	G56	0.0835348218434639
G85	G37	0.0834741990795676
G83	G21	0.0833631651252377
G71	G89	0.0833350802636049
G76	G21	0.0832998648024071
G18	G57	0.0832661934318158
G68	G29	0.0832647748826959
G52	G14	0.0830664693678511
G77	G46	0.0826780802974433
G99	G56	0.0826731499041192
G6	G70	0.0826247232464733
G23	G59	0.0825751204594573
G8	G93	0.0824880133822169
G78	G39	0.0823430648793233
G18	G96	0.0822824611012624
G94	G96	0.0822314933041954
G79	G2	0.0821829710628918
G88	G41	0.0821544933377271
G73	G21	0.082121122247556
G78	G99	0.0820721087207373
G84	G32	0.0819316337749524
G85	G42	0.0819105469996985
G13	G21	0.08188799115115801
G1	G84	0.0818103965968739
G70	G21	0.0817866309005219
G15	G62	0.0813519962526262
G72	G56	0.0813139759652885
G69	G56	0.0812679881116966
G78	G80	0.0812311939678485
G88	G75	0.0811855717989863
G16	G73	0.0811795652898845
G64	G6	0.0811172640853648
G55	G28	0.0810974809933289
G44	G21	0.0810449438270847
G71	G24	0.0808205562591009
G94	G13	0.0807545205752091
G85	G85	0.0807094948680317
G15	G24	0.0806775528635077
G98	G59	0.0806574032556135
G52	G90	0.0805934978926179
G32	G15	0.0805576349747821
G96	G93	0.0803792524161648
G32	G82	0.0803001801733639
G85	G74	0.0802332091580052
G65	G11	0.0801586509959611
G90	G44	0.0800721239678541
G73	G6	0.0800697051514308
G44	G70	0.0800362146329083
G53	G56	0.0799832925211296
G22	G88	0.0799292097970438
G14	G56	0.0799183584370304
G53	G21	0.0798809726446245
G90	G92	0.0797146525022943
G52	G7	0.07958450983168901
G52	G100	0.0795253575879725
G29	G6	0.0794310932757742
G71	G62	0.0794146334841161
G50	G70	0.0794000415321964
G21	G56	0.0793577972506274
G78	G17	0.0793466877703487
G1	G40	0.0793396213134719
G29	G70	0.0793350437735154
G3	G70	0.0793277045233919
G57	G38	0.0792949773755562
G94	G50	0.0792121333439604
G77	G89	0.0792055436500544
G18	G22	0.079178738049003
G27	G46	0.0791416484459112
G36	G56	0.0791151063482568
G22	G57	0.0790909743350661
G11	G73	0.0790783484804529
G64	G69	0.0790462974579934
G81	G21	0.0789618207708732
G93	G3	0.0788804760435809
G83	G69	0.0787220111515576
G18	G13	0.0786313985117074
G63	G70	0.0786036635966923
G90	G14	0.0785436956050333
G75	G56	0.0785065339369582
G48	G69	0.0784787715807084
G90	G48	0.0783526676860471
G78	G58	0.0783350761982503
G2	G93	0.0782542879580798
G91	G87	0.0781645105257056
G94	G7	0.078119275551101
G45	G56	0.07810540557184101
G94	G76	0.0778539012695745
G44	G56	0.0777097601699081
G68	G5	0.0776763393388805
G55	G78	0.0776492246144082
G40	G56	0.0776472295296382
G65	G4	0.0775235548367303
G90	G25	0.0774100675410531
G55	G61	0.0773822568709605
G30	G24	0.0773773633034282
G16	G28	0.077352507595424
G18	G76	0.0773468962991386
G51	G70	0.07728773667606098
G90	G52	0.0772782127672562
G32	G53	0.0771932914945203
G2	G56	0.077104453787155
G22	G13	0.0770848427426238
G18	G45	0.0770583164880419
G57	G4	0.0770481624392917
G52	G58	0.0769538751717594
G22	G96	0.0769036136319754
G25	G56	0.0768962171278074
G74	G69	0.0768485819493214
G79	G63	0.0768385060128361
G12	G84	0.0767502447832942
G10	G72	0.0766866096451366
G95	G9	0.0766705435385229
G22	G100	0.0766413810811521
G49	G69	0.07662780438453098
G11	G87	0.0766154574388073
G53	G70	0.0766060323528357
G97	G56	0.0765467411423028
G77	G62	0.0765155679163035
G67	G70	0.0764875540021603
G93	G2	0.0764449418688751
G5	G68	0.0764236914645361
G43	G74	0.0764172058829887
G2	G74	0.0764084872336448
G20	G87	0.076395357362763
G32	G18	0.0763296144128506
G51	G95	0.0763156356671458
G94	G98	0.076233733100315
G30	G54	0.07621903712192798
G18	G98	0.0762114137845065
G88	G73	0.0761250914102092
G1	G46	0.0761225587416468
G6	G69	0.0760637238846164
G20	G75	0.0760298403123082
G35	G11	0.0759759784331525
G55	G74	0.0759584068265844
G22	G41	0.0758948144670883
G27	G89	0.0758026611175194
G79	G71	0.0756898586829544
G12	G40	0.075666044847384
G79	G10	0.0756632851400221
G64	G70	0.0756451488446465
G65	G60	0.0755532533703817
G34	G56	0.0755315062146054
G73	G74	0.075419628000666
G54	G56	0.0753992028597279
G22	G40	0.0753705166700821
G52	G57	0.0753419264174912
G94	G40	0.0753352908682962
G5	G72	0.0752579313028215
G61	G56	0.0752577177485698
G78	G44	0.0751434179984242
G17	G56	0.0750723523933718
G10	G68	0.0749570448831028
G92	G56	0.0749345715247348
G31	G56	0.0749079128893494
G52	G97	0.074867270905099
G1	G50	0.074804682306319
G1	G24	0.0746603746432655
G52	G96	0.0746574673893446
G79	G1	0.0745998239572554
G19	G69	0.0745915700381092
G52	G34	0.0745539920875432
G5	G85	0.0745511283298066
G78	G48	0.0745483601594594
G18	G47	0.0744811352960638
G89	G56	0.0744576851259536
G57	G49	0.074457472485261
G95	G12	0.0743897857282122
G88	G87	0.0742684807135648
G80	G69	0.0742575569751178
G58	G6	0.0742168213142288
G11	G74	0.0739771923264742
G60	G87	0.0739675420109839
G58	G69	0.0738321845035932
G16	G68	0.0738216112873897
G82	G70	0.0737752563499585
G20	G84	0.0736995962291703
G26	G69	0.0736238168185354
G33	G69	0.073575292624177
G90	G47	0.0734938958447203
G57	G51	0.0734444418519572
G47	G69	0.0733131732377588
G87	G56	0.0732815797580341
G47	G70	0.0732623187251251
G90	G84	0.0732553254406801
G22	G76	0.0732099229561528
G27	G62	0.0731622655506403
G15	G75	0.0731444066383257
G66	G69	0.073140369776586
G48	G21	0.0730960874496637
G77	G41	0.0730806412422782
G67	G21	0.0730563599395984
G98	G19	0.0729427745412277
G78	G52	0.0729142118935067
G20	G54	0.0728696412805366
G78	G92	0.0728012640713853
G98	G33	0.0727819869687589
G12	G46	0.0725382660176832
G16	G94	0.0725205455771102
G31	G69	0.072450703165441
G60	G30	0.0724180009132387
G68	G3	0.07232345049415599
G66	G56	0.0722449267548976
G13	G56	0.0720848010846742
G23	G19	0.0720685822045275
G76	G69	0.0720260771129982
G1	G89	0.0720216731416297
G43	G72	0.0719464375097831
G12	G24	0.0718680213918488
G32	G59	0.0717998727075499
G85	G94	0.0716389253763638
G88	G74	0.0716237751266919
G95	G43	0.0715485718113022
G71	G75	0.0715355670613529
G32	G58	0.0715093734484614
G15	G41	0.0714531663435237
G91	G30	0.0713929757159614
G4	G70	0.07137583593159401
G22	G98	0.0713555122237762
G17	G69	0.071343982287892
G98	G26	0.0712980024808892
G93	G63	0.0712514193417574
G23	G33	0.0712046206040222
G92	G69	0.0711998365173332
G78	G14	0.0711901336871846
G77	G73	0.0711591729888286
G20	G37	0.07115804308805901
G58	G70	0.0711234865559593
G25	G69	0.071113359062777
G68	G2	0.0709918330621155
G84	G7	0.0709765189549349
G12	G50	0.0709477539902118
G26	G56	0.0708898814703892
G52	G13	0.0708376950728787
G10	G85	0.0707922741817258
G30	G86	0.0707485987230874
G95	G60	0.0706937667048433
G8	G78	0.0705933242454236
G81	G69	0.0705892750324258
G78	G25	0.0705609089316856
G39	G70	0.0704665656730231
G30	G36	0.0702484980687776
G57	G15	0.0701675078938856
G65	G9	0.0701487912753649
G65	G38	0.0700777721288921
G52	G76	0.0700203306287502
G90	G88	0.06996520345566001
G41	G32	0.0699028455512685
G5	G42	0.0698839152784511
G90	G97	0.069876819598175
G16	G78	0.0698647886789029
G93	G71	0.0698594763184468
G77	G24	0.0698553337850861
G83	G95	0.069752869605758
G82	G95	0.0697087732146615
G94	G46	0.0697067569342834
G52	G22	0.0696433412029854
G33	G56	0.0696147390251866
G32	G33	0.0696112032500513
G23	G26	0.0695909466118281
G93	G10	0.0695228259629482
G27	G41	0.0694870713616346
G90	G90	0.0694845611670661
G20	G72	0.0694284276412277
G90	G34	0.0693817185987016
G85	G28	0.0692882827480683
G41	G54	0.0692474226245407
G46	G56	0.0691662760355098
G52	G98	0.0691608644565521
G14	G69	0.0691424896052668
G11	G54	0.0691323518506801
G45	G69	0.0691207967379346
G84	G54	0.0690938421215018
G91	G54	0.0690288143099105
G97	G69	0.0690028975284636
G84	G56	0.0689947451149004
G77	G75	0.0689285415364375
G93	G1	0.0688975867644882
G80	G56	0.0688315337000204
G89	G69	0.0688208877393534
G57	G53	0.0688137249428022
G12	G89	0.0687207109977954
G32	G19	0.0687204474151508
G34	G69	0.068699921567667
G49	G95	0.0686616477721733
G71	G74	0.0685074749026032
G10	G42	0.0684947532703138
G98	G31	0.0684485042014115
G18	G40	0.0684409148628759
G40	G69	0.0684385068739856
G70	G56	0.0684372808093671
G32	G26	0.0684212154138824
G8	G28	0.0683447476303104
G11	G30	0.0682661588969832
G75	G69	0.0682383384397832
G8	G70	0.068202168872876
G48	G95	0.0681521174052092
G47	G6	0.0680912802207902
G74	G21	0.0680819860304503
G65	G43	0.0679479964456448
G1	G62	0.06793978301033701
G22	G46	0.0679109719354946
G55	G93	0.0678539369519628
G22	G7	0.0678519135155316
G52	G45	0.0678436368537303
G73	G70	0.0678339979782811
G71	G41	0.0677985527089708
G50	G69	0.06777650155020501
G50	G21	0.0677760994163868
G65	G12	0.0677526870838837
G95	G77	0.0677419753671666
G15	G74	0.0676154908193915
G15	G87	0.0674925032716014
G35	G9	0.0674640168344798
G95	G27	0.0674012003512984
G27	G73	0.0673046707572224
G27	G24	0.0672020856062853
G94	G89	0.0671871251685697
G38	G70	0.0671477683234688
G19	G95	0.0670595939828862
G80	G95	0.0670195556890007
G88	G54	0.0670007252853094
G95	G91	0.0669995913352298
G23	G23	0.0669597054793411
G57	G18	0.0669548279920971
G18	G84	0.0669077019023286
G32	G31	0.0668550784701316
G26	G95	0.0667089383703942
G43	G37	0.0666389664662122
G98	G23	0.066637615940159
G6	G21	0.0666074960293017
G2	G21	0.06660740030913599
G33	G95	0.0665558730612301
G66	G95	0.0664359819285916
G16	G42	0.0664188937676232
G19	G56	0.0663855970539496
G46	G69	0.0663698419447984
G71	G87	0.0663617051887058
G22	G89	0.0663444603769607
G18	G24	0.0663135965841127
G74	G95	0.0662468470611861
G31	G95	0.0661393969604048
G78	G88	0.0661199921832308
G64	G95	0.0660302764866576
G23	G31	0.0660107886769803
G95	G55	0.0659713204497401
G22	G62	0.0659204903963614
G88	G30	0.0659187257498456
G27	G75	0.0659173557086836
G95	G83	0.0659138427861113
G16	G6	0.0658917865299102
G49	G56	0.0658327902670824
G90	G22	0.0657965978927656
G18	G46	0.0657021026432827
G68	G63	0.0656803177859363
G90	G100	0.0656553608354715
G91	G74	0.0655795959253222
G6	G95	0.0654547236524156
G35	G12	0.0653966268626297
G94	G62	0.0653517067134925
G25	G95	0.0652776302859262
G17	G95	0.0652773472511247
G94	G73	0.0652244458079199
G92	G95	0.0651443010821048
G1	G74	0.0651328151037844
G61	G69	0.0650903027993378
G38	G21	0.0650294786017442
G85	G78	0.0649861787264299
G21	G69	0.0649681465575422
G90	G57	0.0649656762269894
G98	G66	0.064963335782036
G94	G41	0.0649196284994584
G12	G62	0.0648067859927809
G76	G95	0.0647764394709202
G4	G69	0.0647732319781297
G39	G21	0.0647535799034264
G85	G79	0.0647297893850814
G23	G99	0.064627835208005
G57	G59	0.0645588732217993
G78	G90	0.0645486935832686
G76	G56	0.064416043299219
G79	G11	0.0642852488712825
G35	G60	0.0642372336908188
G95	G38	0.0640450180573979
G84	G85	0.0639876255763794
G14	G95	0.0639807199340863
G15	G73	0.0639592763149621
G65	G77	0.0639590125851146
G90	G45	0.0639547921783028
G43	G64	0.0639545111227262
G98	G99	0.0638109597660489
G90	G96	0.0637677487081264
G45	G95	0.0637646671555488
G65	G27	0.0637493415854487
G95	G4	0.0636687937514604
G68	G71	0.0636039362554795
G70	G69	0.0636018915934778
G78	G97	0.0635522690339187
G67	G56	0.0635407827530472
G97	G95	0.0635345594593466
G20	G30	0.0635259486163478
G32	G39	0.0634918493288095
G35	G43	0.0634202757792665
G18	G50	0.0634096993359466
G87	G69	0.0634055957264574
G95	G82	0.0633950150643358
G69	G69	0.0633711126321222
G10	G37	0.0632338166440042
G23	G66	0.0632328882625192
G65	G91	0.0632186906633527
G34	G95	0.06317958566729599
G40	G95	0.0631755111892491
G89	G95	0.063166271313963
G20	G6	0.063142364723138
G78	G34	0.0631352143652846
G81	G95	0.0631072986177515
G75	G95	0.0630850324051727
G98	G39	0.0630057131719845
G12	G74	0.0628585409261872
G98	G80	0.0628376173309924
G68	G1	0.0628340283112565
G78	G47	0.0627487074506131
G52	G24	0.062707429242648
G43	G36	0.062633582588347
G32	G66	0.0625891619127222
G43	G68	0.0625724524669092
G23	G48	0.0625487676115891
G68	G10	0.0625444745371498
G18	G89	0.0622527484965632
G62	G70	0.0622203408076004
G90	G13	0.0621175544667856
G90	G7	0.0621048199329131
G86	G69	0.0619908234512636
G32	G84	0.0619763407173172
G77	G87	0.0619361283691803
G23	G80	0.0619316192738929
G47	G95	0.0618499891843336
G78	G100	0.0617814914816006
G58	G95	0.0617806604776288
G85	G65	0.0617694031924841
G60	G54	0.0614711069636776
G15	G54	0.0612660814966249
G43	G86	0.0612058435241866
G1	G75	0.0611710198008247
G11	G72	0.061169863459267004
G32	G23	0.0611587873090445
G16	G32	0.0611149390609829
G30	G32	0.0610502313570493
G98	G17	0.0610296217759985
G65	G83	0.0606086226498722
G54	G69	0.0606083100696026
G46	G95	0.0606081271119795
G20	G28	0.0605705437356764
G71	G54	0.0605563152090018
G43	G32	0.0605318044765493
G72	G69	0.0605293044323892
G21	G95	0.0604950228500989
G78	G84	0.0604360738441227
G60	G86	0.0604011193041654
G78	G57	0.060352407155536
G90	G76	0.0602629150155087
G52	G40	0.0602067401254761
G61	G95	0.0601948849859747
G23	G44	0.0601659924620837
G30	G72	0.0601293710519912
G28	G69	0.0600637217037854
G60	G24	0.0600432965795693
G35	G77	0.0599753271547525
G52	G47	0.0599537665130318
G32	G17	0.0598929162152449
G35	G27	0.0596949298865324
G83	G56	0.0596690890121562
G78	G22	0.0596339442754082
G35	G4	0.0596294718640625
G60	G36	0.0595794092678707
G15	G30	0.0595589517382248
G5	G37	0.0595292653065396
G55	G56	0.0594930841611388
G23	G39	0.0594929908822317
G50	G95	0.0594742718720235
G23	G52	0.0594596368040198
G93	G11	0.0594473527287407
G32	G80	0.059417044951138004
G81	G56	0.0594085244835489
G69	G95	0.0593926531479277
G78	G96	0.0593807331704364
G78	G7	0.0593765847967509
G88	G72	0.05935792071898599
G27	G87	0.0593222466217381
G35	G91	0.0593114683161848
G22	G75	0.0592822534717275
G32	G51	0.0592024053987322
G91	G72	0.0591886275942728
G56	G69	0.0591004016758102
G90	G98	0.0590848413783331
G71	G73	0.059040302353655
G11	G37	0.059036662943355
G37	G69	0.0590299089617922
G86	G95	0.0588424500044778
G98	G48	0.0587515335678591
G13	G69	0.0587488361723142
G94	G75	0.05874648558099099
G95	G49	0.0586939106529328
G23	G17	0.0586711234216166
G87	G95	0.0586126734714851
G98	G44	0.0586096404905288
G18	G62	0.0585895961996614
G32	G47	0.0585565527057213
G4	G21	0.058553381511303
G35	G38	0.0584995540837269
G71	G30	0.0584413692788372
G18	G74	0.0583800516914619
G52	G46	0.0583156537531515
G38	G56	0.0583048625309702
G70	G95	0.0582948109572646
G12	G75	0.058267352499658
G85	G61	0.0581972214708174
G1	G87	0.0581589802398996
G90	G50	0.0581113687745656
G35	G83	0.0580509916901518
G78	G45	0.057986591518267995
G98	G58	0.0578891827650781
G32	G99	0.0578490663775311
G36	G69	0.05768081439995999
G100	G69	0.0575565029185758
G78	G13	0.0574969744185414
G35	G55	0.0574236206762091
G8	G81	0.0573608090214466
G88	G37	0.0573464671398419
G57	G19	0.057251848991055
G7	G69	0.0572434315372202
G6	G6	0.0571206515177976
G98	G52	0.0571017764647001
G72	G95	0.0570793630486052
G79	G9	0.057057262308732995
G94	G24	0.05703205505180901
G65	G55	0.05702512114837
G99	G69	0.0569837914876892
G90	G40	0.0569628028468395
G2	G70	0.0569309623762624
G28	G95	0.0569234733561758
G62	G21	0.0568349994230723
G57	G33	0.0568146632902627
G65	G58	0.0567992908590454
G43	G42	0.0566687298544475
G74	G6	0.0566062162997016
G52	G74	0.0565656835001405
G54	G95	0.0565626516782963
G77	G74	0.0565116823964318
G56	G95	0.0564416946860043
G24	G69	0.0564031830786106
G30	G68	0.0563030965585422
G37	G95	0.0562322414821432
G98	G92	0.0560014549649656
G78	G76	0.0559851439132333
G4	G95	0.0559294253722779
G43	G28	0.0559028720315627
G41	G85	0.0558651814348028
G65	G49	0.0558537090099713
G77	G30	0.0557990459528391
G2	G6	0.0557750713024752
G10	G94	0.0557551036490364
G7	G95	0.0557207239998574
G12	G87	0.0556629056272562
G57	G26	0.0555928628276854
G91	G37	0.0555389922243772
G20	G94	0.055457901531051
G77	G54	0.0553947823841302
G79	G12	0.0553645218197268
G47	G21	0.0553603401965935
G5	G79	0.0553152212394007
G32	G14	0.0551960223510536
G9	G70	0.0551792070954637
G52	G89	0.0551045739736659
G24	G95	0.0550733308410776
G78	G98	0.0550397776780294
G43	G94	0.0550170276481149
G100	G95	0.0549306467912834
G32	G92	0.0549291711620441
G64	G21	0.0547794765939403
G15	G72	0.0547275731231438
G13	G95	0.0547073176467089
G95	G15	0.0546673597146338
G36	G95	0.0545759935772079
G27	G74	0.0545351291034672
G98	G14	0.0544735641960993
G71	G72	0.0543960540243893
G68	G11	0.0543933906018589
G5	G94	0.0543756696164314
G99	G95	0.0543117916285372
G23	G88	0.0542721140948264
G20	G78	0.054229816853235004
G98	G25	0.0541888962039564
G79	G60	0.0541707406478747
G55	G21	0.0540957193294197
G10	G79	0.054069753585692
G65	G84	0.0539761742486362
G23	G92	0.0538557084344659
G1	G54	0.0538401985966613
G16	G85	0.053715530152905
G32	G25	0.0536725928774316
G79	G43	0.0536300138034235
G5	G65	0.0536246878046499
G67	G69	0.05344726975219901
G27	G30	0.0533771978700746
G39	G69	0.0533539946984582
G95	G53	0.0533281435423654
G90	G46	0.053304024636797
G15	G37	0.0532488848155193
G71	G37	0.0531844767510957
G52	G50	0.0531684389279088
G27	G54	0.0531143543373752
G20	G68	0.0530483252717508
G57	G31	0.0530269269265917
G59	G69	0.053000381379417004
G95	G51	0.05294000268576
G93	G9	0.0528970432658757
G57	G23	0.0527871916380273
G1	G41	0.0526535825961719
G18	G75	0.0526090391377289
G16	G79	0.052549166180786
G48	G6	0.052543562763860005
G84	G68	0.0522849894188968
G94	G87	0.0522781066124709
G95	G18	0.0520667097594641
G39	G56	0.0520631323626614
G10	G65	0.0520501206899041
G35	G49	0.052044936248565
G16	G36	0.0520249386179685
G58	G21	0.0520187129915873
G10	G28	0.0519995408715912
G35	G82	0.0519691342822379
G32	G44	0.0519470061769665
G30	G37	0.0519148818498286
G98	G88	0.0518566559133029
G41	G68	0.0518539950227047
G42	G16	0.051795148696383
G23	G25	0.0517631637052669
G59	G95	0.0517576895288251
G41	G51	0.0516920945632426
G78	G40	0.0516139496567874
G12	G54	0.0516045889502821
G43	G78	0.0514479415155725
G43	G85	0.0514184335973997
G96	G70	0.0514049291317895
G52	G62	0.0513440570313477
G85	G93	0.0513408886259639
G93	G12	0.0513234528046149
G30	G42	0.0512633489195744
G10	G74	0.051202905550457
G23	G14	0.0511957835483155
G90	G89	0.0510681819882139
G78	G50	0.0508639802440834
G9	G69	0.0508373289160704
G57	G99	0.0507663724929341
G79	G77	0.0507371317593154
G91	G68	0.0507093709416685
G18	G87	0.0506773550063368
G30	G85	0.0506647109460076
G11	G68	0.0506487333731177
G60	G32	0.0506438499991248
G57	G66	0.0505832133560706
G79	G27	0.0504918497995964
G52	G84	0.0503294415957322
G23	G90	0.0503193298335158
G1	G30	0.050317658512784
G23	G7	0.0502966855907694
G20	G41	0.0502070005215592
G79	G91	0.0501616895619818
G98	G90	0.0501179740137215
G79	G4	0.0500870564534727
G22	G87	0.0500464212381286
G95	G59	0.0499222065166296
G23	G100	0.0498705525454174
G11	G28	0.0498279313594012
G42	G20	0.0498247782383388
G67	G95	0.0495881217785133
G12	G41	0.0495683457020763
G30	G74	0.0495034266193524
G93	G43	0.0494926057229527
G10	G78	0.0493798056837262
G32	G52	0.0493396008424923
G1	G72	0.0493269115414662
G79	G38	0.0493219030005927
G44	G69	0.049316882509885
G93	G60	0.049304772541465994
G57	G80	0.049254985213430996
G90	G62	0.0492239383029269
G79	G83	0.0491635001498486
G16	G61	0.0491490610376976
G88	G68	0.0490501398479495
G1	G37	0.0490230025432582
G5	G28	0.048789897922104
G32	G97	0.0487526332832333
G5	G61	0.0487265811966672
G98	G97	0.0487260139723389
G32	G48	0.048702994443484006
G79	G55	0.0486691698715148
G78	G46	0.0486422389806454
G68	G9	0.0486385858566358
G84	G42	0.0485950425654269
G16	G65	0.0484912990438022
G98	G34	0.0484417764108057
G77	G72	0.0483741108449452
G88	G28	0.048373038158876995
G39	G95	0.0483493858132514
G55	G70	0.0482952811522245
G32	G34	0.0482845023972876
G98	G100	0.0482611009384784
G57	G39	0.048237087331922994
G91	G36	0.0481154451277775
G10	G61	0.0481046895840425
G57	G48	0.0480781602780987
G12	G30	0.0479418640329068
G91	G32	0.0478068169969233
G65	G15	0.0477607458883372
G41	G42	0.0477553458044891
G35	G15	0.0476790192309566
G51	G81	0.04760826804599701
G44	G95	0.0476031140541863
G60	G72	0.0476006208374927
G16	G86	0.0475939916895461
G11	G94	0.0475896565671118
G82	G21	0.0475794476747926
G20	G42	0.0475363096436151
G62	G69	0.0475335143961573
G5	G78	0.0474900693495952
G12	G72	0.0474187637350861
G65	G47	0.0473815634020606
G94	G30	0.0473446644018527
G41	G6	0.0473416420466354
G68	G12	0.0472704952806006
G12	G37	0.0472360693156251
G57	G17	0.0471916655487773
G18	G54	0.0471545982431749
G22	G30	0.0470523646959341
G23	G57	0.0470347710132407
G57	G44	0.0469766492033286
G98	G57	0.0468549841544621
G93	G77	0.0468464526699052
G98	G7	0.0468388451085124
G22	G24	0.0467837011015542
G91	G28	0.0466799908006143
G23	G96	0.0466696077607259
G91	G86	0.046618981523396
G93	G27	0.0466139567916901
G78	G89	0.046509539903315994
G27	G72	0.046460436259017995
G51	G21	0.0464570063463745
G94	G54	0.046356202531022
G93	G91	0.0463264501878371
G23	G97	0.0462136944253871
G98	G96	0.0461881375202526
G35	G53	0.0461563769720232
G90	G24	0.0461553342375978
G77	G37	0.0461521378440391
G57	G52	0.0461364498364682
G32	G22	0.0461230149204985
G98	G47	0.0461183944048677
G88	G94	0.0460924950976931
G23	G34	0.0460645118559178
G32	G90	0.0460540535578004
G52	G75	0.0460069408836657
G91	G42	0.0458728730514224
G50	G56	0.0458377766867196
G90	G41	0.0458156360784565
G23	G58	0.0457239304247657
G11	G42	0.0456952587569399
G98	G22	0.0456436911480034
G52	G87	0.0455858151080928
G41	G72	0.0455436094129099
G42	G29	0.0455251450030184
G60	G68	0.0455246943430347
G48	G56	0.0455237112335115
G93	G83	0.0455185939428956
G91	G94	0.0455063323223738
G93	G55	0.0453653351567278
G11	G78	0.0453226846090524
G35	G18	0.0453114671292218
G62	G56	0.045166416367230004
G4	G6	0.0451255227742946
G94	G74	0.0450851603855214
G95	G19	0.0450697031258133
G38	G69	0.0450439119425536
G68	G43	0.045024432486252
G71	G28	0.0449886627751316
G15	G28	0.044972429982116
G95	G33	0.0449700664480319
G65	G18	0.0449587340723353
G78	G24	0.0449144702631756
G41	G56	0.0448593496760055
G11	G32	0.0448576752298655
G93	G4	0.0448419076782645
G15	G68	0.0448406868055271
G43	G79	0.0448073559645154
G32	G45	0.0448060539846745
G93	G38	0.0447548250207869
G65	G53	0.0446892146592342
G30	G94	0.0446554622230158
G78	G62	0.0445017003769032
G98	G13	0.0444609507590469
G84	G21	0.0444558710566573
G98	G45	0.0444163821859756
G32	G88	0.0443945465353985
G79	G82	0.0443932528222854
G27	G37	0.0443912693224661
G71	G68	0.0443117298809497
G96	G21	0.0443091646948909
G90	G75	0.0442818701424823
G88	G42	0.0442699365303747
G22	G64	0.04423138215285201
G41	G24	0.0441811870105644
G9	G21	0.0441729489328441
G23	G13	0.0440593494867769
G79	G49	0.0440409381709066
G95	G26	0.0440347164008599
G16	G93	0.0440216466057573
G91	G64	0.0440160281469883
G32	G50	0.044012955552913
G53	G69	0.0439259325422336
G88	G78	0.0438783606284706
G65	G33	0.0438438405786874
G9	G95	0.0438025787666072
G23	G76	0.0437341412009924
G18	G37	0.04360367075999
G3	G95	0.0435914631156207
G18	G72	0.0435741747112635
G98	G76	0.0435097284608469
G90	G73	0.0435041780464668
G18	G41	0.0434903697520942
G68	G82	0.04344199480192
G53	G95	0.0434414507841475
G98	G84	0.0434150229153674
G88	G32	0.043381571796264
G18	G30	0.043352319279205
G3	G69	0.043320576666470996
G57	G92	0.0433106339875314
G65	G26	0.0432989020576719
G23	G98	0.0432076288852684
G65	G31	0.0431889179982104
G68	G60	0.0431759162843273
G30	G28	0.0430934505883279
G35	G59	0.0430917452852052
G32	G57	0.0430706103211974
G52	G54	0.0430214237668415
G23	G22	0.0429904862742977
G62	G95	0.042971287329239
G96	G69	0.0428708579137114
G91	G78	0.042799014040791
G22	G54	0.0427952215707823
G93	G82	0.0427918540300323
G98	G98	0.0427864602002428
G63	G95	0.0427376576241866
G68	G77	0.0426963536305168
G5	G93	0.0426789518959098
G15	G94	0.0426714059507176
G71	G94	0.042587719628825
G5	G74	0.0425791984572406
G65	G19	0.0425316500938687
G5	G56	0.0424736810481921
G68	G27	0.042459912623204005
G68	G55	0.0423927769129073
G38	G95	0.0423136090360258
G32	G100	0.0422950199137529
G95	G31	0.04225386832547599
G10	G93	0.0422468533211448
G65	G39	0.04223730459838
G68	G91	0.0422251026989618
G63	G69	0.0422166501603912
G43	G65	0.0421314855838171
G57	G88	0.0420244001210551
G32	G96	0.0419936568710067
G11	G36	0.041914330563508
G23	G45	0.0418690317407958
G60	G85	0.0418275238722515
G68	G83	0.0418210178907503
G32	G13	0.0417517323834076
G57	G25	0.0417491056097972
G57	G14	0.0416007340478737
G1	G28	0.0415613187677249
G60	G42	0.0414805966521415
G35	G51	0.0414127072394099
G95	G23	0.0412147666114435
G65	G59	0.0412130956699207
G52	G37	0.041206727479016
G43	G61	0.0409739329382179
G32	G73	0.040927061667524
G63	G6	0.0408705847971292
G91	G85	0.0408323997823945
G71	G78	0.0408077830365212
G15	G78	0.0407608533045613
G1	G73	0.0406343501445139
G93	G49	0.0406225056923609
G77	G68	0.0406216056548424
G52	G72	0.0405489573566239
G30	G79	0.0405241418223229
G30	G78	0.0404707595599094
G15	G42	0.0404345071737719
G88	G36	0.0404320659155781
G57	G58	0.0404305636866873
G79	G15	0.0403981815642767
G60	G37	0.0402593328223608
G90	G87	0.0401656489669739
G95	G66	0.0401040118109621
G35	G33	0.0400723641384266
G94	G72	0.0400492274917698
G12	G28	0.0400401976524993
G32	G40	0.0400370301356506
G78	G75	0.0399265646026946
G71	G42	0.0399166312500192
G35	G19	0.0398972139890009
G23	G24	0.039890664613733
G82	G81	0.0398870941572828
G32	G76	0.039881022432966005
G65	G66	0.0398239277561184
G65	G73	0.0397671834261411
G74	G56	0.039711938771177006
G57	G90	0.0396849466625807
G11	G86	0.0396491039527861
G9	G6	0.039547414736438996
G95	G99	0.0395021526833611
G98	G40	0.0394992984516293
G20	G32	0.0393914786909377
G1	G68	0.0393341946974214
G35	G26	0.0393068584966385
G3	G6	0.0392353094716592
G79	G53	0.0391318937441403
G84	G65	0.0390186560165983
G95	G39	0.0389703948099113
G32	G98	0.0389546457208633
G27	G68	0.0389520208718396
G15	G32	0.038951620958547005
G77	G28	0.0388976415318952
G1	G94	0.0388927782691835
G68	G38	0.0388774240604204
G65	G17	0.03885472605053799
G11	G85	0.0388317722579939
G57	G100	0.0388267540664064
G95	G80	0.0388163058560624
G30	G65	0.03870257720215
G57	G7	0.0385196575908166
G84	G79	0.0384598379512375
G79	G18	0.0384071834365099
G78	G41	0.0382975132307343
G32	G7	0.0382456658756931
G6	G56	0.0382330309597711
G52	G30	0.0381601519567018
G88	G86	0.0381582011475688
G42	G2	0.0380412037011867
G98	G50	0.0380348854928878
G35	G31	0.0380236279969998
G32	G41	0.0380005833636638
G71	G32	0.0379779375285066
G68	G51	0.0379560335146101
G50	G6	0.037865786457129
G78	G74	0.03785153855381
G96	G95	0.0378409690641247
G94	G37	0.0378392944702147
G42	G3	0.0378210421091039
G41	G79	0.0377652774184311
G90	G74	0.0377625276939926
G84	G72	0.0377290352841283
G83	G6	0.0377080504828776
G95	G17	0.0376904190319975
G12	G68	0.037683024548647005
G65	G82	0.037643964971308994
G20	G79	0.037623856189614
G93	G15	0.0376183962517147
G88	G85	0.0375742446533302
G1	G78	0.0375330817718536
G98	G46	0.0375117597429804
G77	G94	0.0374573974189163
G12	G73	0.0374451393378297
G27	G28	0.0374183390674911
G57	G97	0.0373913233347812
G68	G4	0.0373796995892171
G12	G94	0.0373796504649986
G41	G65	0.0373002909785781
G57	G34	0.0372299918929627
G78	G87	0.0371378080658031
G23	G40	0.0371076946985329
G57	G57	0.0370969225378112
G65	G14	0.0370045491822833
G18	G28	0.0369704413061748
G65	G80	0.0369514061469906
G77	G32	0.0369499642367335
G68	G49	0.0369460263213676
G16	G69	0.0369241526041119
G5	G21	0.0367396780417111
G57	G96	0.0367002615477107
G77	G42	0.0366861476292838
G93	G53	0.0365962579503684
G65	G23	0.0365874630899245
G79	G59	0.0365489546203063
G60	G74	0.036514890599348
G32	G46	0.0364577164573714
G30	G61	0.0364432228339859
G43	G93	0.0364238029639646
G23	G74	0.0363839475257499
G95	G48	0.0363359519912558
G1	G6	0.036306012097737
G95	G44	0.0362961703018416
G23	G46	0.0362753202098868
G91	G79	0.036273224634743
G55	G6	0.0361566386620268
G11	G79	0.036141852626514
G90	G54	0.0360906322499277
G12	G78	0.0360902135543082
G35	G23	0.0360544711124288
G27	G94	0.0360040113777301
G35	G58	0.0359299231654126
G90	G30	0.0359068905979579
G35	G66	0.0358704047876273
G93	G18	0.0358047760802035
G98	G24	0.0357769629339102
G98	G89	0.0357205026771412
G95	G58	0.0357011455257028
G42	G5	0.0356691187606946
G77	G36	0.0356665025150505
G20	G61	0.0356478737402244
G79	G51	0.0356211912187197
G65	G92	0.0356134056424226
G20	G85	0.0355573416512758
G22	G36	0.0355497197587139
G35	G39	0.0355228840107471
G77	G78	0.0355001251517951
G15	G36	0.0354871576591706
G32	G89	0.0354270852529556
G1	G42	0.0353710784199124
G23	G47	0.0353595565051486
G95	G52	0.0353460794998697
G12	G6	0.0353385525969158
G27	G32	0.0353125220122801
G22	G86	0.0352543867183573
G93	G51	0.0352408737209125
G4	G56	0.035218442647644996
G29	G95	0.035207788396501
G60	G94	0.0352074512155593
G27	G42	0.0351739591580522
G65	G25	0.0351388784714771
G71	G6	0.0351082438610608
G68	G15	0.035052202230697
G22	G72	0.0349954845052393
G52	G28	0.0349902121706017
G11	G6	0.0349873439150065
G88	G79	0.0349855524826988
G57	G13	0.0349438903050564
G32	G62	0.0349174605846807
G57	G22	0.034913262952756006
G42	G63	0.0346978312390557
G95	G92	0.0345851373543242
G52	G6	0.0345083355752463
G68	G53	0.0344749541949902
G57	G76	0.0344706647790871
G35	G80	0.0344211288943459
G51	G67	0.0344133826154332
G18	G68	0.0344085962479517
G18	G94	0.0343824570437885
G35	G99	0.0343583709493415
G20	G65	0.0343100406681707
G93	G59	0.0342307234275888
G27	G78	0.034142720177368
G77	G86	0.0341230046439899
G23	G89	0.034082863662615
G85	G70	0.0340431909182316
G94	G68	0.0340051004560141
G65	G99	0.0340020207127658
G91	G65	0.0339940886735312
G57	G98	0.0339841371312668
G57	G45	0.0339802013292176
G35	G17	0.0339797837000936
G71	G36	0.0339788796664651
G27	G36	0.0339614980226815
G98	G62	0.0339299476821471
G12	G42	0.0338879053562901
G79	G33	0.0338854792559639
G88	G6	0.0338817934810312
G15	G85	0.0338764491639024
G78	G54	0.0338139396205895
G79	G19	0.0337688697767006
G95	G14	0.0336496425220431
G52	G41	0.0336369721296495
G10	G56	0.0336282061854009
G11	G65	0.033612682126224
G15	G6	0.0335106961500256
G11	G61	0.0334842270565899
G78	G73	0.0334812453061646
G95	G25	0.0334769407071481
G68	G18	0.0334703664010207
G18	G6	0.033444737987859
G60	G28	0.0333436021455278
G91	G61	0.0332933645688083
G65	G50	0.0332806143972006
G18	G78	0.033248734776331
G79	G26	0.0332447188535415
G15	G86	0.0332384518948095
G71	G85	0.0331102312969313
G60	G79	0.032821790410402
G42	G71	0.0328142223088323
G22	G74	0.032793168851959
G84	G81	0.0327420524678691
G41	G21	0.0326461020958513
G78	G30	0.0325555721316572
G42	G1	0.0325242833238355
G88	G65	0.032523045582142
G88	G61	0.0324553417826905
G41	G61	0.0324532865619108
G27	G86	0.0324468335293195
G22	G32	0.0323882180978548
G68	G59	0.0323722177734935
G65	G41	0.0322714606766525
G85	G21	0.0322662995408275
G65	G97	0.0322469810300918
G1	G32	0.0322355195864566
G52	G94	0.0321731957272839
G79	G31	0.0321388377279465
G30	G93	0.0320995072651736
G20	G93	0.032096122240474
G95	G88	0.032086912633229
G23	G50	0.0320584493586941
G5	G70	0.0319893708807698
G15	G79	0.0319657300059513
G10	G21	0.0319048899456148
G84	G61	0.0318858737304563
G65	G34	0.0318313836305347
G94	G28	0.0318143481915709
G77	G85	0.0317899629292365
G90	G72	0.0317590389881201
G57	G47	0.0317404121122631
G71	G86	0.0316846999601905
G60	G78	0.0316616443074017
G94	G32	0.0316355928452094
G71	G79	0.0315867225181135
G23	G62	0.0315519806953793
G22	G68	0.031537852042653004
G42	G10	0.0315031905241639
G60	G65	0.0314688964736611
G32	G75	0.0313810178998184
G22	G37	0.0313604078037244
G18	G73	0.031342531243183
G52	G68	0.0313392870992267
G94	G36	0.0313370541976645
G52	G78	0.031301274491056
G35	G44	0.0312627356108104
G93	G19	0.0311770996600067
G93	G33	0.0311737507575316
G35	G92	0.0311726617735236
G41	G94	0.0310953424397055
G95	G90	0.0309921315421319
G96	G56	0.0309650139865212
G18	G42	0.0309353114746798
G65	G22	0.0308689011661395
G94	G94	0.0308028128791129
G41	G37	0.0307869858130416
G35	G14	0.0307708876057121
G94	G42	0.0307567635396058
G98	G74	0.030720578073382004
G64	G81	0.030702706806563
G20	G69	0.0307025431989234
G12	G32	0.0306932958490611
G93	G26	0.0305474698001981
G79	G23	0.030540932043441004
G82	G67	0.0305211701955444
G90	G37	0.0305049691266941
G98	G75	0.0304933573308837
G35	G48	0.0304675169488149
G29	G69	0.0304336294542814
G53	G6	0.0304124463516604
G27	G85	0.0304090872966259
G78	G72	0.030360700444632006
G79	G66	0.0303435373600304
G35	G25	0.0302991393842926
G94	G86	0.030179246050378996
G57	G40	0.0301581084583723
G35	G52	0.030130177554957
G24	G6	0.0301217073594452
G95	G97	0.0301069899175799
G57	G24	0.0300657063036587
G73	G81	0.0299589618158678
G79	G58	0.0299582796975763
G65	G45	0.0299391826092135
G79	G39	0.029922675178238
G95	G34	0.0299220288513408
G11	G93	0.0299054379728643
G95	G100	0.0298912819215887
G15	G61	0.0297014370462949
G78	G37	0.0296706876631944
G29	G81	0.0296706799216382
G15	G65	0.029653932035952006
G91	G93	0.029646356125246003
G65	G44	0.0295998104342288
G5	G6	0.0294341421609464
G71	G61	0.0293978822457162
G93	G31	0.0293945175190635
G60	G61	0.0293160466696391
G71	G65	0.0292671316166848
G10	G70	0.0292193704795537
G79	G80	0.0291330204808373
G57	G46	0.0291190476676702
G79	G99	0.0291062959059997
G94	G78	0.0290339610530897
G35	G84	0.0290326257239827
G35	G47	0.0290273067111521
G77	G79	0.0290192176480507
G95	G7	0.0290093319332868
G95	G57	0.028976943248493998
G59	G6	0.0289741804752174
G88	G93	0.0289712610558591
G7	G6	0.0288078614831454
G79	G17	0.0287006201362612
G98	G87	0.0286853513773589
G22	G42	0.0286641353895048
G23	G84	0.0286209964610234
G95	G96	0.0285578705328084
G16	G95	0.0285524771252867
G95	G47	0.0284469082199959
G68	G19	0.028427596814126
G1	G85	0.0283998531446726
G93	G23	0.0283895469839938
G23	G87	0.0283381011137226
G42	G11	0.028336641599387997
G23	G75	0.028318612301174002
G49	G6	0.028263057023590003
G95	G22	0.0281842137883139
G41	G93	0.0281619761252124
G68	G33	0.0281418239229442
G52	G42	0.0281358046483758
G58	G81	0.0281244559181296
G1	G79	0.027992843365832996
G93	G66	0.0278442357250627
G57	G84	0.0278433635901526
G27	G79	0.0278223255653669
G20	G36	0.0278004984402163
G98	G41	0.0277382389055592
G85	G56	0.0276731361035611
G18	G32	0.0276671934957758
G65	G90	0.0276050425796616
G95	G13	0.0275304593497414
G68	G26	0.0275083046772591
G57	G89	0.0275055901257448
G57	G50	0.0274478621151987
G95	G45	0.0274199601629984
G64	G67	0.0273926224072909
G35	G97	0.0273701584053726
G35	G88	0.0272538674374958
G84	G74	0.0272181567150938
G84	G93	0.027217706266156
G22	G85	0.0272041152999404
G93	G39	0.0271948666553477
G35	G34	0.0271608196766609
G65	G52	0.0271517330153971
G93	G99	0.0271475411411787
G35	G90	0.0271288538509531
G94	G85	0.0270983504616063
G12	G85	0.0270891462307764
G73	G95	0.0270808394313346
G77	G65	0.0270790802991272
G32	G87	0.0270788379394065
G32	G24	0.0270449613958429
G1	G36	0.0270363783849523
G94	G64	0.0270017551475812
G81	G6	0.0269921395817094
G23	G54	0.026933561838285002
G42	G82	0.0269288373716599
G95	G76	0.0268900690257368
G93	G80	0.0268696426403326
G65	G40	0.0268607628952106
G84	G70	0.026822637448061997
G12	G79	0.0268049827087316
G77	G61	0.02679596809831
G77	G64	0.0267874545270728
G57	G74	0.0267461283287333
G95	G84	0.0267145407591362
G15	G93	0.0265564404243542
G79	G44	0.0265093517288895
G95	G98	0.0264705805569265
G90	G68	0.0264417377688509
G68	G23	0.0263376089015821
G98	G54	0.0263364294551009
G79	G92	0.026329817678799
G22	G94	0.0262946715239299
G71	G93	0.0262912080819131
G93	G17	0.0262303556724642
G1	G61	0.0262018766196507
G68	G31	0.0261469685263427
G23	G37	0.0261430702635593
G22	G28	0.0261286330765574
G79	G48	0.0259615730003663
G27	G65	0.0259502119282462
G79	G14	0.0259316021482782
G11	G64	0.0258474398730427
G65	G57	0.0258226831456399
G60	G93	0.0258203353836032
G47	G81	0.025807614726537
G1	G65	0.0258034535001432
G93	G58	0.0257819290427882
G57	G62	0.0257657878274226
G35	G22	0.0257491296157419
G90	G28	0.0257230330803985
G27	G61	0.0256906392708217
G65	G13	0.0256266868436126
G35	G100	0.0256232233373098
G42	G9	0.0256022949835931
G79	G52	0.0255937675829082
G23	G72	0.0255752766601001
G58	G67	0.0255740102296444
G2	G95	0.0255715775649424
G79	G25	0.0255676250378628
G12	G36	0.0254960290354503
G42	G51	0.0254862982060626
G43	G6	0.025402902488442004
G68	G99	0.0253901959391488
G35	G57	0.0253673560286191
G48	G67	0.0253319755759242
G41	G78	0.0252317480211197
G65	G48	0.0252161012069885
G74	G67	0.0251723632788441
G12	G61	0.0251161018991178
G78	G28	0.0250653179600054
G32	G30	0.025063641152747996
G35	G45	0.02503312991459
G47	G67	0.0250238207696085
G6	G67	0.0250040844652266
G68	G66	0.0250011336441996
G98	G30	0.0249554599186732
G27	G64	0.0249475338372172
G42	G12	0.0249363232286441
G91	G6	0.0249314769539966
G19	G6	0.0249274579205188
G9	G56	0.0248907737896855
G35	G96	0.0248859082898361
G93	G44	0.0248644513493815
G88	G64	0.0248564952700884
G65	G96	0.0248396152716756
G84	G51	0.0248344883955413
G16	G81	0.0247813393849565
G78	G68	0.0247174352659677
G93	G48	0.0247057404549424
G77	G6	0.0247033651450804
G12	G65	0.0246860912637598
G90	G94	0.0246310950768255
G1	G86	0.02460221427194
G47	G56	0.0245464287513303
G18	G85	0.0244988678628363
G18	G79	0.0244598721642331
G41	G28	0.0244598483495106
G68	G80	0.0244380421192506
G83	G67	0.0243945891343764
G95	G40	0.0243941305637989
G68	G48	0.0243403015304817
G35	G13	0.0243073090930958
G94	G79	0.0243025267270851
G8	G35	0.024265860738852
G22	G78	0.0241768184476206
G35	G7	0.0241599595936222
G79	G47	0.0241580971290674
G93	G52	0.0241433456804083
G65	G88	0.0241271947071744
G85	G69	0.0241084020399119
G27	G6	0.0240991153311612
G93	G92	0.0240677665807504
G65	G64	0.0240441872361537
G79	G84	0.0240205387252084
G52	G32	0.0240076716899383
G55	G95	0.0239467686221414
G98	G72	0.0239054795109987
G77	G93	0.0238845569608635
G90	G42	0.0238713378989443
G65	G76	0.0238554324789193
G20	G81	0.0237347774431276
G65	G62	0.0237264241319126
G65	G100	0.0237202766079714
G90	G32	0.0236973226648872
G68	G39	0.0236873364611541
G78	G94	0.0236725747041121
G16	G70	0.0236698220436652
G23	G30	0.0236000467825054
G68	G44	0.0235827593400508
G76	G6	0.0235775465289048
G98	G37	0.0235736739618434
G93	G14	0.0235239330312938
G65	G46	0.0235205491879145
G35	G76	0.0235193242390917
G32	G54	0.0235065564974374
G1	G93	0.0234888605570409
G95	G50	0.0234728160643978
G41	G70	0.0234426791951173
G20	G86	0.0234071324707405
G90	G78	0.0234010324366823
G93	G25	0.0233247856389679
G68	G17	0.0232619691204888
G65	G89	0.023247132085256
G68	G52	0.0232423187502743
G49	G67	0.0232277705270086
G43	G69	0.0232137452261248
G42	G43	0.023197969254721004
G79	G88	0.0231722288381308
G57	G75	0.0231437928637185
G95	G46	0.0231107051411255
G12	G86	0.0230801549278979
G79	G97	0.0230772419728132
G35	G98	0.0230729702501598
G65	G98	0.0230519237336331
G20	G95	0.0230168632293429
G84	G94	0.0229848629558183
G79	G90	0.022982149554721002
G42	G55	0.0229674250947458
G18	G61	0.0229647215595204
G27	G93	0.0229154574535165
G79	G34	0.0229128575091057
G35	G50	0.0228626632695399
G98	G73	0.0228508002419684
G23	G6	0.0227628577218927
G94	G65	0.0227326454050716
G78	G78	0.0226454539537126
G22	G79	0.0226249939051385
G11	G69	0.0226205382479121
G12	G93	0.0225243430115323
G18	G36	0.0225134309295626
G57	G87	0.0225093022135946
G18	G65	0.0224903626938387
G19	G67	0.0224792076744216
G90	G36	0.0224590966842659
G94	G61	0.0223846995293918
G55	G69	0.0223692649028163
G2	G69	0.0223311882594292
G35	G40	0.0223133744679771
G85	G95	0.022289414532007
G78	G42	0.0222857115243004
G52	G79	0.0222337282765686
G23	G28	0.0222333209438723
G20	G73	0.0222281407042076
G80	G67	0.0222050420572898
G95	G24	0.0221737751576915
G96	G6	0.0221530838557352
G43	G70	0.0220985658273165
G42	G77	0.0220725981282335
G95	G89	0.0220566382054052
G84	G24	0.0220254544495342
G88	G69	0.0220111283403139
G42	G83	0.0219543109329115
G42	G27	0.0219280783709058
G93	G88	0.0218964333592974
G33	G67	0.0218949320065286
G42	G91	0.0218381690746463
G26	G67	0.0218191685533932
G80	G6	0.021769663631806
G79	G100	0.0217405324616895
G76	G67	0.021728289516637
G79	G22	0.0217179900492494
G6	G81	0.0216825323159662
G81	G67	0.0215934066099939
G50	G67	0.0215559277495656
G66	G67	0.0215552819602183
G52	G85	0.021526785791129
G74	G81	0.0214943643018528
G79	G57	0.0214878925404037
G30	G70	0.021459162945746003
G22	G65	0.0214294779271192
G65	G75	0.0214129517613915
G93	G90	0.0213539204226081
G68	G92	0.0213520554866418
G73	G69	0.021339491263907
G90	G86	0.0213389774955485
G4	G67	0.0212589257030358
G78	G32	0.0212501009726064
G68	G88	0.0211887861971893
G31	G67	0.0211212736886524
G79	G45	0.0211129907669936
G79	G96	0.0210954629059046
G57	G54	0.0210690746701691
G93	G97	0.0210057346626678
G52	G61	0.0209903460208141
G95	G62	0.020986509872514
G71	G69	0.0209563004874624
G93	G34	0.0208692829427286
G2	G81	0.020844847010952
G65	G51	0.0208335157011989
G44	G6	0.0207978868069666
G35	G46	0.0207758403224953
G15	G69	0.0207471965880967
G17	G67	0.0207213510156351
G92	G67	0.0206872652227825
G93	G47	0.020639386127458
G18	G93	0.0206049569393161
G79	G7	0.0205870776568971
G68	G25	0.0205561684031679
G42	G60	0.0205508632958004
G79	G13	0.0205442194721819
G25	G67	0.0205324369289982
G20	G64	0.0205019371584896
G22	G61	0.0205015421972528
G30	G21	0.0204727023284996
G90	G85	0.0204589001959145
G93	G100	0.0204447854852812
G68	G14	0.0203965715210255
G23	G94	0.0203787117638972
G20	G56	0.0203671506199241
G52	G65	0.0203289147412653
G18	G86	0.0201889985230321
G33	G6	0.0200950932856266
G32	G74	0.0200279221418442
G35	G89	0.0199803786027371
G48	G81	0.019968054539063997
G93	G57	0.0199651119731043
G91	G69	0.0199642952330338
G1	G69	0.0199621851841622
G98	G28	0.0199445433810297
G79	G76	0.0199322009556215
G94	G93	0.0199256331065046
G23	G78	0.0198930284968688
G89	G67	0.0198839438920123
G32	G64	0.0198563815594812
G93	G84	0.0198433680339599
G97	G67	0.0198009684719971
G68	G90	0.0197933703103516
G34	G67	0.0197572375723176
G57	G37	0.0197413520269853
G45	G67	0.0197345526372023
G93	G22	0.0196972161629006
G32	G72	0.0196782157074792
G93	G7	0.0196659663692293
G93	G96	0.0196517249145139
G57	G72	0.0196125043226494
G14	G67	0.0196104746418878
G23	G68	0.0196097018623606
G64	G56	0.0195810770077547
G79	G98	0.0195483231611422
G68	G7	0.0195461758690688
G40	G67	0.0195282825357634
G68	G100	0.0195227436052512
G58	G56	0.0194958159218305
G75	G67	0.0194010484617404
G43	G95	0.0193799210070239
G23	G41	0.0193731360788944
G46	G67	0.0193341881960791
G35	G62	0.0193137169696714
G12	G69	0.0193135674105871
G98	G68	0.0192533592778268
G65	G7	0.0192446453699789
G78	G6	0.0191699530260714
G93	G45	0.0191645010137154
G57	G30	0.0191343997562622
G79	G50	0.0191333074114376
G52	G73	0.0190823974789745
G78	G36	0.0190675010111266
G95	G74	0.0190209534345953
G42	G49	0.0190198593625738
G93	G13	0.019006982754512
G42	G53	0.0189519128879617
G42	G15	0.0188963046589678
G52	G93	0.0188915289428051
G68	G58	0.0188834359721074
G90	G79	0.0188741492101786
G95	G75	0.0188131634191019
G79	G40	0.0188059919267168
G26	G6	0.0187617384497444
G98	G94	0.0187472317212536
G61	G67	0.0185437012097951
G93	G76	0.0185307654396344
G78	G85	0.0185217255700893
G68	G57	0.0185028370900228
G70	G67	0.0184225393506325
G68	G97	0.0183820483745965
G68	G96	0.0183369899786904
G68	G34	0.0183087208015361
G57	G41	0.018254305652253
G15	G64	0.0182282061824195
G93	G98	0.0182108024148875
G21	G67	0.0181881548601234
G22	G93	0.018172063559134997
G42	G38	0.0181716277225087
G35	G41	0.0181553165903088
G42	G18	0.018147380053555
G87	G67	0.0180802050344783
G94	G6	0.0180517594506504
G32	G37	0.0180505201599857
G98	G78	0.0180113715865612
G32	G36	0.0179892652676617
G52	G36	0.0179883051267289
G60	G21	0.0179867188188485
G18	G69	0.017978749304935
G11	G95	0.0179716800966431
G60	G70	0.0179664115480623
G42	G59	0.0179163783398381
G35	G24	0.0179120806143352
G30	G56	0.0178907414672871
G95	G87	0.0177662932110972
G78	G86	0.0177495474318647
G41	G81	0.0177266817560393
G32	G86	0.0176487070872798
G78	G79	0.0176093335596345
G91	G70	0.0176051993482853
G79	G46	0.0175962763952094
G23	G42	0.0175842941987273
G90	G65	0.017577290775371998
G10	G6	0.017529177186331003
G56	G6	0.0175005475052956
G69	G67	0.0174965465136347
G52	G69	0.0174790068026471
G90	G61	0.0174722666794239
G88	G95	0.0174179274212836
G68	G13	0.0173847413808312
G35	G73	0.0173526650089307
G35	G75	0.0173383236884156
G98	G42	0.0173381277537397
G60	G56	0.0172843814526359
G32	G68	0.0172834321499168
G77	G69	0.0172517823056949
G90	G6	0.017249343761593004
G68	G76	0.0171997716767608
G4	G81	0.017153535745681004
G68	G22	0.0171069013267275
G95	G41	0.017096072096492
G93	G40	0.0170575918331492
G32	G32	0.0170521976412924
G100	G6	0.017017337684866
G68	G98	0.0169824664743651
G54	G67	0.0169181491722529
G11	G70	0.0169085123618111
G79	G89	0.0168650975122671
G84	G37	0.0168296315685411
G93	G50	0.0167572766956627
G57	G28	0.0167556877184033
G65	G87	0.0167187743551573
G65	G30	0.0167001480383422
G68	G45	0.0166643709455562
G9	G67	0.0166444140652719
G27	G69	0.016641429146949
G66	G6	0.0166134917328896
G86	G67	0.0165701684605781
G13	G67	0.0164813175151086
G72	G67	0.0164768596870319
G71	G95	0.0164311075032304
G78	G61	0.016412268982577
G98	G6	0.0163980863130034
G91	G95	0.0163939697643477
G15	G95	0.0163193674247656
G78	G65	0.0163141698091537
G95	G54	0.0163125463249509
G99	G6	0.0162782184529636
G79	G62	0.0162497126321557
G28	G67	0.0161548235247376
G98	G32	0.0161454388303873
G37	G6	0.0161375694685918
G88	G70	0.0161077090422314
G93	G46	0.0160867733121796
G20	G70	0.0159663483099875
G39	G67	0.0159102520304724
G42	G4	0.0158167994980966
G29	G35	0.0158037998811356
G57	G6	0.0157379594534953
G35	G87	0.0157205393214308
G32	G42	0.0156772991205937
G37	G67	0.0156714910076821
G10	G95	0.0156475979807238
G90	G93	0.0155845055374957
G56	G67	0.0155640630199471
G36	G67	0.0155496264021046
G43	G21	0.0155376757327937
G57	G94	0.0155234906213529
G52	G86	0.0155144070511367
G16	G56	0.0154216157491235
G84	G78	0.0154197300416354
G68	G24	0.0154021568259726
G1	G95	0.015399477880798
G95	G30	0.0153944938725044
G93	G89	0.0153759180407206
G57	G68	0.0153652333770649
G79	G24	0.0153214640753407
G10	G69	0.0153041952084084
G90	G64	0.0152814211099479
G100	G67	0.0152341554502572
G99	G67	0.0151471187119558
G63	G81	0.0151316543810138
G32	G28	0.0151008173696178
G67	G67	0.0150868532516422
G9	G81	0.0150791516883036
G65	G86	0.015060531489463997
G57	G78	0.015053999911786999
G79	G41	0.0150402974957885
G73	G35	0.0150282675483748
G32	G94	0.0149293935124886
G93	G24	0.0148897178289577
G30	G69	0.0148642259320098
G12	G95	0.0148472279235209
G95	G72	0.014826408645464998
G68	G40	0.0147846584172374
G23	G32	0.0147095459937239
G42	G19	0.0147084039457775
G68	G47	0.0147061948733397
G65	G36	0.0147059192436625
G93	G62	0.0146894862427903
G78	G93	0.0146618216917224
G15	G70	0.0146479725309238
G95	G37	0.0146361608129104
G79	G75	0.0146118000566217
G71	G64	0.014597724674946999
G71	G70	0.0145886099974561
G35	G74	0.0145640539290712
G3	G81	0.0145161327479332
G50	G81	0.0144741149866816
G32	G85	0.0144314585321432
G42	G48	0.0144181540268301
G7	G67	0.0144163445386826
G83	G81	0.0143826238920746
G68	G46	0.0143430718767633
G42	G33	0.0142785695259686
G62	G67	0.0142342379436878
G79	G73	0.0141962837579518
G98	G85	0.0141594920241928
G16	G67	0.0141368432517143
G86	G6	0.0140966166497046
G35	G54	0.0140913931680046
G42	G23	0.0140830227828548
G24	G67	0.0140762790809653
G5	G95	0.0140535099692974
G35	G30	0.0140336418148674
G98	G36	0.0140153016491908
G95	G73	0.0139866177506036
G23	G79	0.0139082305700317
G68	G74	0.0139050900773934
G42	G26	0.01388235483125
G77	G95	0.0138810463707374
G32	G78	0.0138782933424548
G77	G70	0.0138266014367017
G94	G69	0.013820065096316001
G30	G95	0.0138123583798369
G57	G42	0.0138028855829107
G42	G99	0.013779023032801
G18	G95	0.0137478504663933
G98	G79	0.0137065699074357
G1	G81	0.0136529176719539
G68	G89	0.0135351935596236
G65	G54	0.013520898951972001
G55	G81	0.0134481443763158
G96	G67	0.0134088349250031
G27	G95	0.0133750132132986
G12	G81	0.013300068632223999
G79	G87	0.0132825354818092
G42	G52	0.0132668667244664
G59	G67	0.0132534113321843
G23	G85	0.0132500144944157
G27	G70	0.0132297098070639
G71	G81	0.0132045621387082
G8	G95	0.0131949835430761
G93	G75	0.0131932308566274
G11	G81	0.0131808960378344
G52	G95	0.0131678252605629
G23	G61	0.0131640231719814
G42	G44	0.0131224395435928
G68	G50	0.0130507377025244
G52	G81	0.0130077833648007
G28	G6	0.012991389279996001
G84	G35	0.0129154705074088
G98	G86	0.0128902939060393
G42	G31	0.0128626437817092
G31	G6	0.0128342459334108
G98	G61	0.0127895398248361
G88	G81	0.0127744840469735
G23	G65	0.0126931839715461
G44	G67	0.0126898198740235
G98	G65	0.0126619810351968
G15	G81	0.012634174494851
G68	G62	0.0125997880360579
G1	G70	0.0125982018262972
G18	G81	0.0125926424876298
G93	G41	0.0125863403866568
G93	G74	0.0125848876144468
G42	G80	0.0125811729123392
G79	G74	0.0125641901110352
G42	G66	0.0125383448778188
G32	G79	0.0123791453511893
G35	G72	0.0123785610056449
G95	G28	0.0123784750751728
G62	G6	0.0123499472605292
G68	G84	0.0123441414350728
G93	G87	0.0122714545962094
G39	G6	0.012254600369222001
G38	G67	0.0122539196700727
G20	G67	0.0122300589447947
G57	G73	0.0121954157104062
G42	G88	0.0121945405347435
G57	G32	0.0121299749748766
G5	G69	0.0120368410309085
G84	G28	0.0119844505659982
G79	G54	0.0119458448226287
G95	G68	0.0119132332514488
G65	G32	0.0119093282460097
G12	G70	0.0119042167067442
G35	G37	0.0118701338864051
G23	G93	0.0118507998310922
G79	G30	0.0118504168068695
G65	G24	0.0117439728305334
G42	G7	0.0117313333481461
G78	G69	0.0116694483685851
G32	G65	0.011664842785153999
G95	G94	0.0116057966455536
G90	G69	0.0115684959117402
G94	G70	0.0115352133247635
G98	G93	0.0114621891149566
G42	G17	0.0113768002500091
G91	G21	0.0113524164868008
G32	G61	0.0113036995992028
G68	G75	0.0113024151406083
G22	G70	0.01129966663981
G17	G6	0.0112370987592246
G53	G81	0.0112368110162098
G23	G69	0.0112191611843043
G94	G95	0.0112144357030028
G2	G35	0.0111875849204631
G68	G87	0.0111868508671093
G93	G54	0.0111821591138062
G92	G6	0.0111660901420904
G95	G78	0.0111481690227355
G42	G39	0.0111445276391426
G36	G6	0.011106595324559999
G24	G81	0.0110646603430568
G5	G81	0.0110273442126513
G46	G6	0.011006796401927001
G42	G100	0.0109887997495296
G93	G73	0.0109452599125716
G16	G64	0.0109310662954789
G57	G79	0.0109170493534504
G63	G35	0.0109086783859953
G49	G81	0.0108428359252326
G57	G85	0.0107866227197869
G3	G35	0.0107573170420138
G93	G30	0.0107563460125755
G60	G69	0.0107546490303567
G95	G42	0.0107313894219364
G24	G35	0.0107291022443648
G18	G70	0.0106979925273874
G59	G81	0.0106533679499208
G52	G56	0.0106452193288554
G53	G67	0.0106178378663052
G7	G35	0.0106035255012761
G23	G36	0.0105905332859613
G7	G81	0.0105671568302988
G42	G90	0.0105656209685224
G68	G54	0.0105611607078466
G79	G72	0.010530259285658003
G60	G95	0.0104840778627248
G42	G92	0.0104518986675465
G81	G81	0.0103900513681428
G35	G68	0.0103211276530617
G57	G61	0.0102728619236091
G51	G35	0.0101819413071558
G59	G35	0.0101734628058968
G95	G6	0.0101659829617311
G79	G37	0.0101295213914039
G68	G37	0.0101128696040356
G3	G67	0.0100549476594221
G93	G72	0.0100516800117435
G65	G68	0.0100379287653853
G32	G93	0.0100289015441463
G57	G65	0.0100187932472477
G35	G28	0.0099982200102657
G65	G72	0.00999470148017457
G22	G69	0.00999268676574162
G72	G6	0.00998790018947078
G95	G32	0.0099714497656939
G68	G72	0.00995228798270617
G42	G25	0.00992656641877334
G42	G96	0.00991117406390435
G42	G57	0.00987393872997802
G93	G37	0.00983106650560005
G42	G24	0.00979987429697224
G65	G85	0.00972846406419688
G84	G69	0.00966599607948324
G42	G74	0.009639511950930001
G63	G67	0.00961182392144312
G43	G81	0.00960620638182482
G19	G81	0.009596343998028
G22	G21	0.00957699076942774
G57	G36	0.009576493411283641
G35	G94	0.00957174355212131
G42	G14	0.00950186169354392
G53	G35	0.00944396022736832
G98	G69	0.00943880202982892
G23	G73	0.00941800168821244
G91	G81	0.009417902859413359
G68	G30	0.00937843731020534
G52	G70	0.00933999177144136
G35	G42	0.00932418058330052
G77	G81	0.00929955496878096
G35	G32	0.00929508114816492
G90	G95	0.00922471421284208
G57	G93	0.00922370547704459
G42	G76	0.009209022834728329
G65	G42	0.00918509134638402
G42	G98	0.009169904648665279
G78	G95	0.009111701947014291
G76	G81	0.00910058647667
G27	G81	0.009079905315469379
G35	G78	0.00907791079455403
G42	G13	0.00905292688461563
G56	G35	0.00900765941175632
G23	G86	0.00898602808763631
G18	G56	0.00893868773609927
G12	G56	0.00893285670290065
G25	G6	0.00891991319117025
G8	G67	0.00887752027509848
G35	G36	0.00885953084886267
G1	G56	0.00885508713893355
G90	G70	0.00883855628529703
G37	G35	0.0087749741584358
G86	G35	0.0087745591600499
G42	G34	0.008754769301050909
G100	G35	0.008754676233578
G79	G68	0.008750690287561159
G95	G85	0.008748024396520471
G42	G97	0.00874470256671888
G78	G64	0.008731678496145921
G22	G95	0.00870677123516524
G95	G36	0.00861947046643471
G68	G28	0.008589405901458009
G99	G35	0.008570444334889179
G23	G81	0.00856537749288149
G79	G28	0.00854156727646862
G89	G6	0.00851334797979422
G68	G6	0.00849021389324961
G44	G35	0.00848664776444576
G57	G86	0.00848463337821134
G95	G79	0.00847770684569857
G11	G21	0.00846903619391452
G96	G81	0.00845720422976859
G23	G95	0.008420282606556109
G35	G86	0.00841926691820573
G80	G81	0.0084086461332044
G28	G35	0.008384511646292279
G11	G67	0.00835431319896595
G93	G28	0.00830550424281441
G84	G67	0.008270454883100159
G88	G67	0.00824903194768383
G68	G41	0.008245077932839509
G57	G69	0.00823426853096818
G93	G68	0.00817970313973508
G79	G94	0.00816858659671812
G16	G21	0.00811748691624792
G70	G6	0.00809292692234078
G55	G35	0.00808931946023252
G88	G21	0.008021047010806241
G35	G85	0.00801996227403741
G65	G37	0.007995907445924141
G42	G22	0.007984909443843991
G43	G67	0.00795781715036532
G72	G35	0.007953404689135041
G78	G70	0.00793306044777148
G95	G61	0.007926285308603221
G95	G86	0.00790530100605993
G68	G94	0.007903463804896921
G79	G42	0.00789984359443209
G82	G35	0.0078527893558154
G71	G67	0.00785061170156342
G93	G94	0.0078476369729235
G36	G35	0.00784395551879238
G95	G65	0.007828543906539509
G79	G32	0.007816803924356429
G15	G67	0.0078162262517405
G42	G45	0.00780987698746667
G33	G81	0.007787590798822609
G79	G78	0.007763919357414629
G77	G21	0.00776323355870372
G68	G68	0.00769549013796353
G68	G78	0.007691397996338359
G41	G35	0.00766346694390642
G1	G67	0.00764945284828667
G69	G35	0.007648900025994841
G44	G81	0.00762327133677921
G93	G78	0.007509752624108541
G12	G67	0.00747392612436458
G79	G36	0.00737882223108735
G93	G42	0.007373827807785391
G35	G79	0.00736541605165996
G27	G21	0.0073339242594668294
G98	G95	0.007325446401907509
G52	G64	0.0072789081907072796
G26	G81	0.007269685787498791
G23	G56	0.007259114489935841
G65	G79	0.0072544010812385295
G34	G6	0.0072311760314593704
G78	G81	0.0072206838362594
G65	G94	0.00719904701856371
G21	G35	0.007151388042417241
G94	G21	0.007106013634317441
G95	G93	0.00709486176147797
G42	G46	0.007079538185521291
G42	G6	0.00705079251389142
G18	G67	0.00703314246004516
G91	G67	0.00702769786765733
G65	G65	0.00701777859544236
G93	G32	0.00701411387502956
G52	G67	0.0070093642146595
G79	G86	0.00699831404017831
G54	G35	0.00692315856876138
G68	G42	0.00690757574505345
G42	G40	0.006883066492954
G35	G65	0.00686103110169121
G85	G67	0.006858121804779039
G35	G61	0.00681744297226199
G94	G81	0.0068158350540406
G14	G35	0.0067972929467407794
G20	G35	0.00676903938782807
G79	G85	0.0067546094505813205
G15	G21	0.006682261256842971
G75	G35	0.00665675406837616
G23	G64	0.00659060591446913
G71	G56	0.00655814173980342
G16	G35	0.00654980018175851
G13	G35	0.00654636099029118
G65	G28	0.00654555711280226
G97	G6	0.00653826074766641
G35	G6	0.00652805482807514
G42	G89	0.00651923232030233
G90	G81	0.0064976045851166
G45	G35	0.00649282750582882
G40	G35	0.0064834076212282
G10	G81	0.0064672088159907
G66	G81	0.0064483474910678
G61	G35	0.00643715333258482
G93	G6	0.006412862962477979
G65	G61	0.006410317084890421
G42	G37	0.00638945602685619
G56	G81	0.00636442251042861
G65	G78	0.00629414024439475
G35	G64	0.0062937151256303395
G93	G36	0.00628084820087252
G87	G35	0.0062750875741506
G57	G95	0.0062652260008936
G79	G79	0.006244839793860329
G77	G67	0.00623956391647763
G97	G35	0.00623099096715346
G71	G21	0.00618922185957004
G98	G81	0.00618368693896019
G22	G56	0.006181847109196679
G69	G6	0.006173843922315771
G100	G81	0.0061673402539608
G98	G70	0.00614288345750925
G32	G69	0.00613066594068194
G93	G85	0.0061205325267110295
G34	G35	0.00608733919630004
G35	G93	0.00607952891043456
G25	G35	0.006074451983643821
G32	G70	0.00604491126165597
G27	G67	0.00603340689327976
G5	G35	0.00603135019725648
G22	G6	0.00601569408408048
G42	G72	0.005940995304118
G57	G81	0.00592165429757077
G68	G32	0.00589446794893409
G89	G35	0.0058928149585977
G99	G81	0.00589158671033021
G41	G74	0.0058814340841218
G95	G69	0.00587368232975608
G23	G70	0.0058648840582052894
G37	G81	0.005842275181907
G93	G86	0.00583970972189515
G42	G54	0.00582856446365065
G93	G79	0.00582696905993309
G79	G65	0.00581290351259158
G65	G74	0.00580212457818688
G79	G6	0.00578894886290549
G42	G87	0.00578519761517899
G79	G61	0.0057834014471583
G32	G6	0.0057432507717101395
G17	G35	0.00573100452588872
G92	G35	0.00572509547239786
G42	G62	0.00572094088415947
G15	G56	0.0056813770891245
G65	G93	0.0056190387929062795
G31	G35	0.0055912890064967
G67	G35	0.00558436883661382
G38	G35	0.00547705371875258
G42	G28	0.00546470862943156
G68	G79	0.0054604942674804
G8	G74	0.00545909561880775
G93	G61	0.00542279783659562
G70	G35	0.0053981650204197
G93	G65	0.00539619894967455
G42	G64	0.00529379473305734
G65	G56	0.00528851602177986
G68	G85	0.0052848986005238
G46	G35	0.00523150522091894
G41	G95	0.00520606001223158
G79	G93	0.00516038956827865
G32	G95	0.00515877296696803
G68	G61	0.00515305461078775
G42	G75	0.00511807984063695
G42	G58	0.00511234677779886
G86	G81	0.005067651586661
G66	G35	0.0050603310574589
G31	G81	0.00502888079295801
G94	G67	0.00499988534207527
G68	G65	0.00499323443610714
G82	G56	0.00496163311585517
G45	G6	0.0049569998580536
G79	G64	0.00490561886905698
G43	G56	0.00487633295553594
G93	G93	0.00485417134003976
G42	G94	0.00484220394788812
G42	G78	0.004826918901700329
G62	G81	0.004802991467941
G39	G81	0.0047827564703558
G26	G35	0.00477170023600166
G57	G70	0.00474688574453777
G88	G56	0.00468642985780358
G68	G73	0.0046786179639850605
G90	G21	0.00466730714746533
G65	G21	0.00465991675915417
G28	G81	0.00464625887255441
G68	G93	0.0046386767310028
G64	G35	0.0046323894861541
G11	G56	0.004567569294432
G40	G6	0.00456550267148721
G32	G21	0.0045560035968522
G33	G35	0.00455478415875178
G95	G95	0.00453912967752648
G42	G50	0.00450303636798281
G23	G67	0.00448662471583224
G35	G69	0.00448123868812172
G78	G67	0.00446179632339568
G17	G81	0.00445622926213161
G57	G56	0.00444297564744446
G92	G81	0.00443178355831219
G38	G6	0.0044277834274620105
G68	G36	0.00441763219309913
G42	G30	0.00441378501896619
G80	G35	0.00435545152908558
G10	G35	0.00435480827996268
G46	G81	0.0042999035919352
G68	G69	0.00428931141864895
G90	G67	0.0042637156013078294
G60	G6	0.0042501225613788395
G42	G68	0.00422168806917475
G55	G67	0.004209364055720721
G98	G64	0.00420931724754288
G30	G67	0.0041398304165813395
G58	G35	0.00409430689482032
G65	G70	0.0040412509162174
G1	G21	0.0040323602422094
G36	G81	0.0039497568858026
G29	G67	0.0039334316538592795
G19	G35	0.00389099680519066
G93	G69	0.00387019797181939
G79	G69	0.00385258163538598
G95	G81	0.00383190369192576
G76	G35	0.0038265211834644396
G68	G86	0.0038144591139800204
G42	G42	0.00376144392434211
G95	G70	0.00374055585295919
G1	G64	0.0037180372378357203
G52	G35	0.0036492053826197397
G78	G56	0.0036427023419469897
G1	G35	0.00364239164917467
G39	G35	0.0036350721696548796
G98	G56	0.00363139109793297
G98	G67	0.0036254723539296
G12	G21	0.0036240655526811397
G25	G81	0.0036083769668340004
G65	G6	0.0036060329344615796
G49	G35	0.00357888591172796
G35	G95	0.0035711044317128
G12	G35	0.0035693714173988603
G72	G81	0.00352166326948982
G54	G6	0.0034893505410172
G10	G67	0.00348603006749388
G42	G47	0.00346931106754494
G89	G81	0.00344399739733318
G18	G35	0.00341824092985259
G78	G21	0.0034136994445107603
G35	G70	0.00340458439766448
G71	G35	0.0033461912900506602
G75	G6	0.00332860213384123
G22	G67	0.00327787415561602
G68	G95	0.0032351059563724698
G57	G67	0.00323374669779505
G70	G81	0.0032278956129998
G68	G81	0.00319964658608498
G47	G35	0.00316960192074458
G11	G35	0.00315893113565304
G51	G56	0.0031580156036071397
G15	G35	0.00313644539181242
G81	G35	0.00312044770368296
G14	G6	0.0030958434762376396
G2	G67	0.00307518899504794
G88	G35	0.00307448540308446
G79	G95	0.00306604507148171
G93	G95	0.0030254209738759604
G62	G35	0.0030170066436109
G42	G69	0.00298161184182647
G42	G79	0.0029737267374991398
G34	G81	0.00296452792849242
G18	G21	0.00291522537115891
G42	G73	0.00291453529231335
G79	G70	0.0029087082536845897
G42	G61	0.00286970781685683
G42	G56	0.00284251241537609
G93	G64	0.00277097989608646
G41	G67	0.00274240384806058
G97	G81	0.0027185038938544103
G42	G81	0.0026594947481234
G42	G65	0.0026557160781010398
G93	G70	0.00262906126994507
G42	G93	0.00261540429509602
G68	G56	0.0026059117271639
G60	G67	0.0025858142389291
G42	G32	0.0025449496662298
G61	G6	0.0025368665307849998
G95	G64	0.0025300824965647398
G12	G64	0.00247684918833326
G35	G81	0.0024642541565324198
G42	G85	0.0024403626167090802
G23	G35	0.00243087769942902
G93	G81	0.00242036395138852
G87	G6	0.0024021694918555897
G13	G6	0.0023917400787263803
G85	G35	0.00233888432674938
G22	G81	0.00232801381448796
G95	G56	0.00231980209873088
G68	G70	0.00231031563392608
G98	G21	0.0022948376323680604
G83	G35	0.0022942914796701
G95	G67	0.0022831157768953897
G79	G81	0.00218208824150025
G32	G81	0.00218205633263772
G42	G95	0.0021535141202039102
G32	G67	0.0021152994006305302
G45	G81	0.00210186349199222
G77	G35	0.00209290690700568
G69	G81	0.00207577782971159
G27	G35	0.00206038275289839
G21	G6	0.00198814302572019
G40	G81	0.00196975604465021
G32	G56	0.0019550012815488897
G65	G95	0.0018939304132529998
G60	G35	0.0018460235185272398
G90	G56	0.0018454851000539398
G91	G35	0.00184309447317288
G35	G21	0.0018421692760909301
G78	G35	0.0018258486318342602
G27	G56	0.0018228979838539
G68	G64	0.00180502303382045
G68	G67	0.00171274571474177
G65	G69	0.00169862417992196
G35	G67	0.00167084638278894
G77	G56	0.00165388999511848
G57	G35	0.00163006808983963
G98	G35	0.00160978291538443
G30	G35	0.00157903482776096
G43	G35	0.0015730510848798
G60	G81	0.0015709892662135
G38	G81	0.0015279318452306
G90	G35	0.0015198180470206
G79	G21	0.00151538860398095
G75	G81	0.001492369972514
G93	G67	0.00147762916720481
G52	G21	0.00142978518400306
G79	G67	0.0014275072568010901
G14	G81	0.00142225152664239
G94	G35	0.00142081578639355
G57	G64	0.00138827408843023
G91	G56	0.0013815494807388599
G95	G21	0.00137101270852541
G20	G21	0.00136472280291629
G65	G81	0.00133945695898854
G85	G6	0.0012664171839492
G42	G67	0.00125665636227698
G93	G56	0.00123408314401756
G5	G67	0.0012093068738028
G61	G81	0.00120476792244661
G87	G81	0.0011313801333162
G93	G21	0.00112024163129548
G6	G35	0.0011092957048038198
G42	G70	0.0010988546773550401
G57	G21	0.00108808049196236
G54	G81	0.00107684769255679
G50	G35	0.00107585474885214
G84	G95	0.0010256437199172
G42	G41	0.00102327694485235
G95	G35	0.00100215998372995
G96	G35	0.00098873549637546
G42	G36	0.00097228963783275
G73	G67	0.000952919813952222
G74	G35	0.000939943617813843
G41	G69	0.0009390234672180391
G9	G35	0.0009182474034900401
G68	G35	0.000897205313220236
G42	G35	0.0008051409750517679
G65	G35	0.000750166918678646
G13	G81	0.000689631506533817
G79	G56	0.00066802622869625
G35	G56	0.000656069733501903
G23	G21	0.000621931600685038
G93	G35	0.000612571985116557
G42	G84	0.000603846135449883
G85	G81	0.000570237314265526
G35	G35	0.000569781978259854
G21	G81	0.000517922596074188
G79	G35	0.000514071631827754
G42	G21	0.000482582050071979
G42	G86	0.00045352731464672405
G4	G35	0.000422796712943281
G68	G21	0.000358597722052154
G32	G35	0.000276425956131158
G65	G67	0.00027463018586518597
G67	G81	0.000265020318166992
G67	G6	0.00022268450767781698
G8	G69	0.0002050025101414
G48	G35	0.000111675972945377
G18	G64	8.67992195521021e-05
G22	G35	7.781067847914009e-05
G30	G6	5.509031873139339e-05
G94	G56	4.269197017726071e-05
G30	G81	3.924752534996411e-06
